0.0,0.11087509387813177,1.0,1.0,1.0,1.0,1.0,1.0,1.0,1.0,1.0,1.0,1.0,1.0,1.0,1.0,1.0,1.0,1.0,1.0,1.0,1.0,1.0,1.0,1.0,1.0,1.0,1.0,1.0,1.0,1.0,1.0,1.0,1.0,1.0,1.0,1.0,1.0,1.0,1.0,1.0,1.0,1.0,1.0,1.0,1.0,1.0,1.0,1.0,1.0,1.0,1.0,1.0,1.0,1.0,1.0,1.0,1.0,1.0,1.0,1.0,1.0,1.0,1.0,1.0,1.0,1.0,1.0,1.0,1.0,1.0,1.0,1.0,1.0,1.0,1.0,1.0,1.0,1.0,1.0,1.0,1.0,1.0,1.0,1.0,1.0,1.0,1.0,1.0,1.0,1.0,1.0,1.0,1.0,1.0,1.0,1.0,1.0,1.0,1.0,1.0,1.0,1.0,1.0,1.0,1.0,1.0,1.0,1.0,1.0,1.0,1.0,1.0,1.0,1.0,1.0,1.0,1.0,1.0,1.0,1.0,1.0,1.0,1.0,1.0,1.0,1.0,1.0,1.0,1.0,1.0,1.0,1.0,1.0,1.0,1.0,1.0,1.0,1.0,1.0,1.0,1.0,1.0,1.0,1.0,1.0,1.0,1.0,1.0,1.0,1.0,1.0,1.0,1.0,1.0,1.0,1.0,1.0,1.0,1.0,1.0,1.0,1.0,1.0,1.0,1.0,1.0,1.0,1.0,1.0,1.0,1.0,1.0,1.0,1.0,1.0,1.0,1.0,1.0,1.0,1.0,1.0,1.0,1.0,1.0,1.0,1.0,1.0,1.0,1.0,1.0,1.0,1.0,1.0,1.0,1.0,1.0,1.0,1.0,1.0,1.0,1.0
0.11087509387813177,0.0,1.0,1.0,1.0,1.0,1.0,1.0,1.0,1.0,1.0,1.0,1.0,1.0,1.0,1.0,1.0,1.0,1.0,1.0,1.0,1.0,1.0,1.0,1.0,1.0,1.0,1.0,1.0,1.0,1.0,1.0,1.0,1.0,1.0,1.0,1.0,1.0,1.0,1.0,1.0,1.0,1.0,1.0,1.0,1.0,1.0,1.0,1.0,1.0,1.0,1.0,1.0,1.0,1.0,1.0,1.0,1.0,1.0,1.0,1.0,1.0,1.0,1.0,1.0,1.0,1.0,1.0,1.0,1.0,1.0,1.0,1.0,1.0,1.0,1.0,1.0,1.0,1.0,1.0,1.0,1.0,1.0,1.0,1.0,1.0,1.0,1.0,1.0,1.0,1.0,1.0,1.0,1.0,1.0,1.0,1.0,1.0,1.0,1.0,1.0,1.0,1.0,1.0,1.0,1.0,1.0,1.0,1.0,1.0,1.0,1.0,1.0,1.0,1.0,1.0,1.0,1.0,1.0,1.0,1.0,1.0,1.0,1.0,1.0,1.0,1.0,1.0,1.0,1.0,1.0,1.0,1.0,1.0,1.0,1.0,1.0,1.0,1.0,1.0,1.0,1.0,1.0,1.0,1.0,1.0,1.0,1.0,1.0,1.0,1.0,1.0,1.0,1.0,1.0,1.0,1.0,1.0,1.0,1.0,1.0,1.0,1.0,1.0,1.0,1.0,1.0,1.0,1.0,1.0,1.0,1.0,1.0,1.0,1.0,1.0,1.0,1.0,1.0,1.0,1.0,1.0,1.0,1.0,1.0,1.0,1.0,1.0,1.0,1.0,1.0,1.0,1.0,1.0,1.0,1.0,1.0,1.0,1.0,1.0,1.0,1.0
1.0,1.0,0.0,0.6509212953749928,0.694750102838338,1.0,1.0,1.0,1.0,1.0,1.0,1.0,1.0,1.0,1.0,1.0,1.0,1.0,1.0,1.0,1.0,1.0,1.0,1.0,1.0,1.0,1.0,1.0,1.0,1.0,1.0,1.0,1.0,1.0,1.0,1.0,1.0,0.8758959457589595,0.8272981923432062,1.0,1.0,1.0,1.0,1.0,1.0,1.0,1.0,1.0,1.0,1.0,1.0,1.0,0.5957863514825539,1.0,1.0,1.0,1.0,1.0,0.8076069132887314,1.0,1.0,1.0,1.0,1.0,1.0,0.6625571365955981,0.5612552867360561,1.0,0.7006068243083478,1.0,1.0,1.0,1.0,1.0,1.0,1.0,1.0,1.0,1.0,1.0,1.0,1.0,1.0,0.7128386086369279,1.0,1.0,1.0,1.0,1.0,1.0,1.0,1.0,1.0,1.0,1.0,1.0,1.0,1.0,1.0,1.0,1.0,1.0,1.0,1.0,1.0,1.0,1.0,1.0,1.0,1.0,1.0,1.0,1.0,1.0,1.0,0.6206486991865365,1.0,1.0,1.0,1.0,1.0,1.0,1.0,1.0,1.0,1.0,1.0,1.0,1.0,1.0,1.0,1.0,0.7220661999199252,1.0,1.0,1.0,1.0,1.0,1.0,1.0,1.0,1.0,1.0,1.0,1.0,1.0,1.0,1.0,1.0,1.0,1.0,1.0,1.0,1.0,1.0,1.0,1.0,1.0,1.0,0.5650807540126426,1.0,1.0,1.0,1.0,1.0,1.0,1.0,1.0,1.0,1.0,1.0,1.0,0.6518627421461429,1.0,1.0,1.0,1.0,0.8031100281100281,1.0,1.0,1.0,1.0,1.0,1.0,0.625797409341713,1.0,1.0,1.0,1.0,1.0,1.0,1.0,1.0,1.0,1.0,1.0,1.0,1.0,1.0,1.0,1.0,1.0
1.0,1.0,0.6509212953749928,0.0,0.6854626537845716,1.0,1.0,1.0,1.0,1.0,1.0,1.0,1.0,1.0,1.0,1.0,1.0,1.0,1.0,1.0,1.0,1.0,1.0,1.0,1.0,1.0,1.0,1.0,1.0,1.0,1.0,1.0,1.0,1.0,1.0,1.0,1.0,0.8778155971013114,0.8113438204987501,1.0,1.0,1.0,1.0,1.0,1.0,1.0,1.0,1.0,1.0,1.0,1.0,1.0,0.64467826266809,1.0,1.0,1.0,1.0,1.0,0.8088207957926268,1.0,1.0,1.0,1.0,1.0,1.0,0.7238794952324364,0.5905497778683415,1.0,0.7117439828056267,1.0,1.0,1.0,1.0,1.0,1.0,1.0,1.0,1.0,1.0,1.0,1.0,1.0,1.0,0.7461653760949536,1.0,1.0,1.0,1.0,1.0,1.0,1.0,1.0,1.0,1.0,1.0,1.0,1.0,1.0,1.0,1.0,1.0,1.0,1.0,1.0,1.0,1.0,1.0,1.0,1.0,1.0,1.0,1.0,1.0,1.0,1.0,0.6904347028960032,1.0,1.0,1.0,1.0,1.0,1.0,1.0,1.0,1.0,1.0,1.0,1.0,1.0,1.0,1.0,1.0,0.7481180856180856,1.0,1.0,1.0,1.0,1.0,1.0,1.0,1.0,1.0,1.0,1.0,1.0,1.0,1.0,1.0,1.0,1.0,1.0,1.0,1.0,1.0,1.0,1.0,1.0,1.0,1.0,0.6473751595626596,1.0,1.0,1.0,1.0,1.0,1.0,1.0,1.0,1.0,1.0,1.0,1.0,0.6790192629008418,1.0,1.0,1.0,1.0,0.7744494635798983,1.0,1.0,1.0,1.0,1.0,1.0,0.6747494005126171,1.0,1.0,1.0,1.0,1.0,1.0,1.0,1.0,1.0,1.0,1.0,1.0,1.0,1.0,1.0,1.0,1.0
1.0,1.0,0.694750102838338,0.6854626537845716,0.0,1.0,1.0,1.0,1.0,1.0,1.0,1.0,1.0,1.0,1.0,1.0,1.0,1.0,1.0,1.0,1.0,1.0,1.0,1.0,1.0,1.0,1.0,1.0,1.0,1.0,1.0,1.0,1.0,1.0,1.0,1.0,1.0,0.9060860580391831,0.8287878787878789,1.0,1.0,1.0,1.0,1.0,1.0,1.0,1.0,1.0,1.0,1.0,1.0,1.0,0.7116544927833017,1.0,1.0,1.0,1.0,1.0,0.7932403750763126,1.0,1.0,1.0,1.0,1.0,1.0,0.7023222016079159,0.633808488430337,1.0,0.7190993166771713,1.0,1.0,1.0,1.0,1.0,1.0,1.0,1.0,1.0,1.0,1.0,1.0,1.0,1.0,0.7076036781480155,1.0,1.0,1.0,1.0,1.0,1.0,1.0,1.0,1.0,1.0,1.0,1.0,1.0,1.0,1.0,1.0,1.0,1.0,1.0,1.0,1.0,1.0,1.0,1.0,1.0,1.0,1.0,1.0,1.0,1.0,1.0,0.7118229122099091,1.0,1.0,1.0,1.0,1.0,1.0,1.0,1.0,1.0,1.0,1.0,1.0,1.0,1.0,1.0,1.0,0.8026358906793689,1.0,1.0,1.0,1.0,1.0,1.0,1.0,1.0,1.0,1.0,1.0,1.0,1.0,1.0,1.0,1.0,1.0,1.0,1.0,1.0,1.0,1.0,1.0,1.0,1.0,1.0,0.6411944264885443,1.0,1.0,1.0,1.0,1.0,1.0,1.0,1.0,1.0,1.0,1.0,1.0,0.7492231073399904,1.0,1.0,1.0,1.0,0.7577087842712842,1.0,1.0,1.0,1.0,1.0,1.0,0.7553150553150554,1.0,1.0,1.0,1.0,1.0,1.0,1.0,1.0,1.0,1.0,1.0,1.0,1.0,1.0,1.0,1.0,1.0
1.0,1.0,1.0,1.0,1.0,0.0,1.0,1.0,1.0,1.0,1.0,1.0,1.0,0.6583501658562934,1.0,1.0,1.0,1.0,0.6976480025822132,0.7137323103076529,0.6364626114626115,0.8798217108561937,1.0,1.0,1.0,0.7750912762451223,0.7346811149049955,0.8249335139746099,1.0,1.0,1.0,0.6819945700961745,1.0,1.0,1.0,1.0,1.0,1.0,1.0,1.0,1.0,1.0,1.0,1.0,1.0,0.6373781855399503,1.0,0.7334571584571585,0.8515920327395737,0.7423176570903843,1.0,1.0,1.0,0.7619594814907316,0.6960067511853226,1.0,0.6877563634336081,1.0,1.0,1.0,1.0,1.0,1.0,1.0,1.0,1.0,1.0,1.0,1.0,1.0,1.0,0.7542722902097903,1.0,0.7950204813108039,0.8190109608587869,1.0,0.6762074634172157,0.8376137530899436,1.0,1.0,1.0,0.7630148411838553,0.7241782908449576,1.0,1.0,0.7701392810088463,0.6771865849330638,1.0,0.7117352092352093,0.7055487674718444,1.0,1.0,1.0,0.7336155961155961,1.0,0.7709708324462423,1.0,0.7077033260856791,1.0,1.0,0.638425925925926,0.6621150644227567,0.693256623875588,1.0,0.782127637987013,0.7099827156970013,0.6523505850467314,0.7389253975191475,0.7846177107206519,1.0,1.0,1.0,1.0,1.0,1.0,1.0,0.6622415636114266,1.0,1.0,1.0,0.7183606902356903,1.0,0.748952943000562,1.0,1.0,1.0,1.0,1.0,1.0,1.0,1.0,1.0,1.0,1.0,1.0,1.0,1.0,1.0,1.0,1.0,0.7905951253607504,1.0,1.0,1.0,1.0,1.0,1.0,1.0,1.0,1.0,1.0,1.0,1.0,1.0,1.0,1.0,1.0,1.0,1.0,1.0,1.0,1.0,1.0,1.0,1.0,1.0,1.0,1.0,0.7214101920623661,1.0,1.0,1.0,1.0,1.0,0.8698748132958659,1.0,1.0,1.0,1.0,0.7379553690037561,0.7142323975044563,1.0,1.0,0.7465805531022922,1.0,1.0,0.6553840099294646,1.0,1.0,1.0,1.0,1.0,1.0,1.0,1.0,1.0,1.0,1.0,1.0,1.0,1.0,1.0
1.0,1.0,1.0,1.0,1.0,1.0,0.0,1.0,1.0,1.0,1.0,1.0,1.0,1.0,1.0,1.0,1.0,1.0,1.0,1.0,1.0,1.0,1.0,1.0,1.0,1.0,1.0,1.0,0.7193065384048356,0.894930364248546,0.7122801540564698,1.0,1.0,1.0,1.0,1.0,1.0,1.0,1.0,1.0,1.0,1.0,1.0,1.0,1.0,1.0,1.0,1.0,1.0,1.0,1.0,1.0,1.0,1.0,1.0,1.0,1.0,1.0,1.0,1.0,0.7530519167843112,0.6310587962761876,1.0,1.0,0.7533115309234713,1.0,1.0,1.0,1.0,1.0,1.0,1.0,1.0,1.0,1.0,1.0,1.0,1.0,0.7834468096006557,1.0,1.0,1.0,1.0,1.0,1.0,1.0,1.0,1.0,1.0,1.0,1.0,1.0,1.0,1.0,1.0,1.0,1.0,1.0,0.8000075380672396,1.0,1.0,1.0,1.0,1.0,1.0,1.0,1.0,1.0,1.0,1.0,1.0,0.703870134840284,1.0,0.9111294349389587,1.0,1.0,1.0,1.0,1.0,1.0,1.0,1.0,1.0,1.0,1.0,1.0,1.0,1.0,1.0,0.6594136267081472,0.6605096855096856,1.0,1.0,1.0,0.7748374082881124,1.0,1.0,0.7521804486593219,0.7472902500076413,0.667295429911529,1.0,0.6396787763226119,0.6615502187870608,0.6535662458456577,1.0,0.7287949748664034,1.0,0.6876711876711876,0.6763153915942304,1.0,1.0,1.0,0.7477798392084105,1.0,1.0,1.0,0.7664283948374857,1.0,1.0,1.0,0.7559900020614305,0.6018936817151104,1.0,1.0,1.0,1.0,1.0,0.689513727013727,1.0,1.0,1.0,1.0,1.0,1.0,1.0,1.0,1.0,1.0,0.5989302981950043,1.0,1.0,1.0,1.0,1.0,1.0,1.0,1.0,1.0,1.0,1.0,1.0,1.0,0.8146308914965632,0.8985625485625486,0.7512944462944463,1.0,1.0,1.0,0.7552183086273996,1.0,0.8051691866909259,1.0
1.0,1.0,1.0,1.0,1.0,1.0,1.0,0.0,1.0,0.7822806301679541,1.0,0.7886796454118837,1.0,1.0,1.0,0.8759635525764558,1.0,1.0,1.0,1.0,1.0,1.0,1.0,1.0,1.0,1.0,1.0,1.0,1.0,1.0,1.0,1.0,0.8405339452214453,0.8458531311143251,0.8032615572624223,0.7497440763745111,0.7416423606922833,1.0,1.0,1.0,0.7452566964285714,1.0,1.0,1.0,1.0,1.0,1.0,1.0,1.0,1.0,0.7483503183275345,1.0,1.0,1.0,1.0,1.0,1.0,1.0,1.0,1.0,1.0,1.0,1.0,1.0,1.0,1.0,1.0,1.0,1.0,0.7537803862803862,1.0,1.0,0.7763887963887964,1.0,1.0,1.0,1.0,1.0,1.0,0.7423692709406995,0.7525091575091575,1.0,1.0,1.0,1.0,1.0,1.0,1.0,1.0,1.0,1.0,1.0,1.0,1.0,0.7604638206910934,1.0,1.0,1.0,1.0,0.7645799337999636,1.0,1.0,1.0,1.0,1.0,1.0,1.0,1.0,1.0,0.7209529359529359,1.0,1.0,1.0,1.0,0.7597754794225382,1.0,1.0,1.0,0.8736886724386724,1.0,1.0,1.0,1.0,1.0,0.8309061164529914,0.7843921158206872,0.8368328803812675,1.0,1.0,1.0,1.0,1.0,1.0,1.0,1.0,0.7946307480398389,1.0,1.0,1.0,1.0,1.0,1.0,1.0,1.0,1.0,1.0,1.0,1.0,1.0,0.7658078033078033,0.7967023021329744,1.0,1.0,1.0,0.8269888916115331,1.0,1.0,1.0,1.0,1.0,1.0,1.0,1.0,1.0,1.0,1.0,0.7227265169247441,1.0,1.0,1.0,1.0,0.7691310365879331,1.0,1.0,1.0,1.0,1.0,1.0,1.0,1.0,1.0,1.0,1.0,1.0,1.0,1.0,1.0,1.0,1.0,1.0,1.0,1.0,1.0,1.0,1.0,1.0,1.0,0.7950726356976356,1.0,0.856565194065194,1.0,1.0
1.0,1.0,1.0,1.0,1.0,1.0,1.0,1.0,0.0,1.0,0.773582536626015,1.0,0.742907806479235,1.0,0.6667869482884963,1.0,0.756990544666601,0.7413670852956568,1.0,1.0,1.0,1.0,0.6552453987236595,1.0,1.0,1.0,1.0,1.0,1.0,1.0,1.0,1.0,1.0,1.0,1.0,1.0,1.0,1.0,1.0,1.0,1.0,1.0,1.0,1.0,0.7073114385614385,1.0,0.761611334674715,1.0,1.0,1.0,1.0,0.7441722660900744,1.0,1.0,1.0,1.0,1.0,1.0,1.0,1.0,1.0,1.0,1.0,1.0,1.0,1.0,1.0,1.0,1.0,1.0,0.5936556805122983,1.0,1.0,1.0,1.0,1.0,1.0,1.0,1.0,1.0,1.0,1.0,1.0,1.0,1.0,1.0,1.0,1.0,1.0,1.0,1.0,1.0,1.0,1.0,1.0,1.0,0.8169861137252441,1.0,1.0,1.0,1.0,1.0,1.0,1.0,1.0,1.0,1.0,1.0,1.0,1.0,0.7330623216652629,1.0,0.6235578253339903,1.0,1.0,1.0,1.0,0.746077754773407,1.0,1.0,1.0,1.0,1.0,0.8244220352916005,1.0,1.0,1.0,0.6806254046785876,1.0,1.0,1.0,1.0,1.0,1.0,1.0,1.0,1.0,1.0,1.0,1.0,1.0,1.0,1.0,1.0,1.0,1.0,1.0,1.0,1.0,1.0,1.0,1.0,1.0,1.0,1.0,1.0,1.0,1.0,1.0,1.0,1.0,1.0,1.0,1.0,1.0,1.0,1.0,1.0,1.0,1.0,1.0,1.0,1.0,0.6327010732127571,1.0,1.0,1.0,1.0,1.0,1.0,1.0,0.6630709813062755,0.6771950657367323,1.0,1.0,1.0,1.0,1.0,1.0,1.0,1.0,1.0,1.0,1.0,1.0,1.0,1.0,1.0,1.0,1.0,1.0,1.0
1.0,1.0,1.0,1.0,1.0,1.0,1.0,0.7822806301679541,1.0,0.0,1.0,0.6274610263031317,1.0,1.0,1.0,0.8465997932415843,1.0,1.0,1.0,1.0,1.0,1.0,1.0,1.0,1.0,1.0,1.0,1.0,1.0,1.0,1.0,1.0,0.7508657204309379,0.7663506290266853,0.7206038475996459,0.6892337704312494,0.6736862123085035,1.0,1.0,1.0,0.7082198753627326,1.0,1.0,1.0,1.0,1.0,1.0,1.0,1.0,1.0,0.6396416531524893,1.0,1.0,1.0,1.0,1.0,1.0,1.0,1.0,1.0,1.0,1.0,1.0,1.0,1.0,1.0,1.0,1.0,1.0,0.6940481557121363,1.0,1.0,0.6605673999203412,1.0,1.0,1.0,1.0,1.0,1.0,0.7912757844199435,0.6969527567948621,1.0,1.0,1.0,1.0,1.0,1.0,1.0,1.0,1.0,1.0,1.0,1.0,1.0,0.706637013779871,1.0,1.0,1.0,1.0,0.6314765640994232,1.0,1.0,1.0,1.0,1.0,1.0,1.0,1.0,1.0,0.7053534105950072,1.0,1.0,1.0,1.0,0.6351437011382329,1.0,1.0,1.0,0.792017242017242,1.0,1.0,1.0,1.0,1.0,0.7493727700870558,0.6669552713670361,0.7775902251099793,1.0,1.0,1.0,1.0,1.0,1.0,1.0,1.0,0.6764176696319554,1.0,1.0,1.0,1.0,1.0,1.0,1.0,1.0,1.0,1.0,1.0,1.0,1.0,0.6797836702248466,0.6812699301186144,1.0,1.0,1.0,0.8568629602720512,1.0,1.0,1.0,1.0,1.0,1.0,1.0,1.0,1.0,1.0,1.0,0.6281157134450126,1.0,1.0,1.0,1.0,0.749242885560021,1.0,1.0,1.0,1.0,1.0,1.0,1.0,1.0,1.0,1.0,1.0,1.0,1.0,1.0,1.0,1.0,1.0,1.0,1.0,1.0,1.0,1.0,1.0,1.0,1.0,0.7030732055668116,1.0,0.8560613576238576,1.0,1.0
1.0,1.0,1.0,1.0,1.0,1.0,1.0,1.0,0.773582536626015,1.0,0.0,1.0,0.7818879838110607,1.0,0.7395767024160689,1.0,0.7674842084998335,0.8074362619138739,1.0,1.0,1.0,1.0,0.7988615959204194,1.0,1.0,1.0,1.0,1.0,1.0,1.0,1.0,1.0,1.0,1.0,1.0,1.0,1.0,1.0,1.0,1.0,1.0,1.0,1.0,1.0,0.7504127151387425,1.0,0.8327818947221932,1.0,1.0,1.0,1.0,0.6926963661338661,1.0,1.0,1.0,1.0,1.0,1.0,1.0,1.0,1.0,1.0,1.0,1.0,1.0,1.0,1.0,1.0,1.0,1.0,0.7176598895776978,1.0,1.0,1.0,1.0,1.0,1.0,1.0,1.0,1.0,1.0,1.0,1.0,1.0,1.0,1.0,1.0,1.0,1.0,1.0,1.0,1.0,1.0,1.0,1.0,1.0,0.841923923071464,1.0,1.0,1.0,1.0,1.0,1.0,1.0,1.0,1.0,1.0,1.0,1.0,1.0,0.7735077198786877,1.0,0.7422656455744691,1.0,1.0,1.0,1.0,0.7856688884032634,1.0,1.0,1.0,1.0,1.0,0.8444262278939698,1.0,1.0,1.0,0.7979502109783799,1.0,1.0,1.0,1.0,1.0,1.0,1.0,1.0,1.0,1.0,1.0,1.0,1.0,1.0,1.0,1.0,1.0,1.0,1.0,1.0,1.0,1.0,1.0,1.0,1.0,1.0,1.0,1.0,1.0,1.0,1.0,1.0,1.0,1.0,1.0,1.0,1.0,1.0,1.0,1.0,1.0,1.0,1.0,1.0,1.0,0.7454668932106483,1.0,1.0,1.0,1.0,1.0,1.0,1.0,0.7324145258927868,0.7123099904790047,1.0,1.0,1.0,1.0,1.0,1.0,1.0,1.0,1.0,1.0,1.0,1.0,1.0,1.0,1.0,1.0,1.0,1.0,1.0
1.0,1.0,1.0,1.0,1.0,1.0,1.0,0.7886796454118837,1.0,0.6274610263031317,1.0,0.0,1.0,1.0,1.0,0.8244148925655774,1.0,1.0,1.0,1.0,1.0,1.0,1.0,1.0,1.0,1.0,1.0,1.0,1.0,1.0,1.0,1.0,0.71443470912649,0.7539404742613299,0.6903260003956599,0.6027617371735019,0.5373732149876485,1.0,1.0,1.0,0.7008595862587459,1.0,1.0,1.0,1.0,1.0,1.0,1.0,1.0,1.0,0.5698296555771123,1.0,1.0,1.0,1.0,1.0,1.0,1.0,1.0,1.0,1.0,1.0,1.0,1.0,1.0,1.0,1.0,1.0,1.0,0.6338115588115589,1.0,1.0,0.5644166019166021,1.0,1.0,1.0,1.0,1.0,1.0,0.7697294514602206,0.5993591438768489,1.0,1.0,1.0,1.0,1.0,1.0,1.0,1.0,1.0,1.0,1.0,1.0,1.0,0.7156690166558588,1.0,1.0,1.0,1.0,0.5278092621924859,1.0,1.0,1.0,1.0,1.0,1.0,1.0,1.0,1.0,0.7105132871944018,1.0,1.0,1.0,1.0,0.49738799427266933,1.0,1.0,1.0,0.8231236199513056,1.0,1.0,1.0,1.0,1.0,0.7717077532347616,0.5973352945755543,0.7570668357433064,1.0,1.0,1.0,1.0,1.0,1.0,1.0,1.0,0.6083330042277413,1.0,1.0,1.0,1.0,1.0,1.0,1.0,1.0,1.0,1.0,1.0,1.0,1.0,0.6314007654343788,0.5817479583539956,1.0,1.0,1.0,0.8822357131567657,1.0,1.0,1.0,1.0,1.0,1.0,1.0,1.0,1.0,1.0,1.0,0.5353810949399187,1.0,1.0,1.0,1.0,0.7719848618003095,1.0,1.0,1.0,1.0,1.0,1.0,1.0,1.0,1.0,1.0,1.0,1.0,1.0,1.0,1.0,1.0,1.0,1.0,1.0,1.0,1.0,1.0,1.0,1.0,1.0,0.6461032267443694,1.0,0.8031475468975469,1.0,1.0
1.0,1.0,1.0,1.0,1.0,1.0,1.0,1.0,0.742907806479235,1.0,0.7818879838110607,1.0,0.0,1.0,0.7398989319074458,1.0,0.7622920482295482,0.8310109416727063,1.0,1.0,1.0,1.0,0.701102118493423,1.0,1.0,1.0,1.0,1.0,1.0,1.0,1.0,1.0,1.0,1.0,1.0,1.0,1.0,1.0,1.0,1.0,1.0,1.0,1.0,1.0,0.7585825323839023,1.0,0.7415596122627373,1.0,1.0,1.0,1.0,0.8044756940590274,1.0,1.0,1.0,1.0,1.0,1.0,1.0,1.0,1.0,1.0,1.0,1.0,1.0,1.0,1.0,1.0,1.0,1.0,0.7461263674498969,1.0,1.0,1.0,1.0,1.0,1.0,1.0,1.0,1.0,1.0,1.0,1.0,1.0,1.0,1.0,1.0,1.0,1.0,1.0,1.0,1.0,1.0,1.0,1.0,1.0,0.8249987974987976,1.0,1.0,1.0,1.0,1.0,1.0,1.0,1.0,1.0,1.0,1.0,1.0,1.0,0.7786726521341906,1.0,0.740926354105087,1.0,1.0,1.0,1.0,0.8168099057804941,1.0,1.0,1.0,1.0,1.0,0.8462878196484753,1.0,1.0,1.0,0.8275069712569714,1.0,1.0,1.0,1.0,1.0,1.0,1.0,1.0,1.0,1.0,1.0,1.0,1.0,1.0,1.0,1.0,1.0,1.0,1.0,1.0,1.0,1.0,1.0,1.0,1.0,1.0,1.0,1.0,1.0,1.0,1.0,1.0,1.0,1.0,1.0,1.0,1.0,1.0,1.0,1.0,1.0,1.0,1.0,1.0,1.0,0.7711838575367987,1.0,1.0,1.0,1.0,1.0,1.0,1.0,0.7519419306184012,0.7346034976631992,1.0,1.0,1.0,1.0,1.0,1.0,1.0,1.0,1.0,1.0,1.0,1.0,1.0,1.0,1.0,1.0,1.0,1.0,1.0
1.0,1.0,1.0,1.0,1.0,0.6583501658562934,1.0,1.0,1.0,1.0,1.0,1.0,1.0,0.0,1.0,1.0,1.0,1.0,0.5557970568190342,0.5861534565652216,0.5630713419895532,0.863346747149564,1.0,1.0,1.0,0.7844555782055782,0.6488514571847905,0.7196318681318683,1.0,1.0,1.0,0.6322667774521118,1.0,1.0,1.0,1.0,1.0,1.0,1.0,1.0,1.0,1.0,1.0,1.0,1.0,0.6391641463559272,1.0,0.6206031506619745,0.8584632381507382,0.6994704924704926,1.0,1.0,1.0,0.795082923165115,0.5919560874854994,1.0,0.6020157935448024,1.0,1.0,1.0,1.0,1.0,1.0,1.0,1.0,1.0,1.0,1.0,1.0,1.0,1.0,0.7504049312671391,1.0,0.7788639601139601,0.7500429385429386,1.0,0.5660475029172508,0.7429760771310068,1.0,1.0,1.0,0.6974412381652201,0.7409565472065472,1.0,1.0,0.7089639804639807,0.5202071806189457,1.0,0.6542118730942261,0.6924381359381362,1.0,1.0,1.0,0.5972735597735598,1.0,0.7860519688644689,1.0,0.653791104894046,1.0,1.0,0.5702469862009334,0.7266975253000953,0.6212842019651046,1.0,0.7985269610269611,0.6474581724581726,0.5121821550136655,0.6589760933510935,0.72485014985015,1.0,1.0,1.0,1.0,1.0,1.0,1.0,0.5610536758563074,1.0,1.0,1.0,0.6073445676386854,1.0,0.7011034153639788,1.0,1.0,1.0,1.0,1.0,1.0,1.0,1.0,1.0,1.0,1.0,1.0,1.0,1.0,1.0,1.0,1.0,0.7868527868527869,1.0,1.0,1.0,1.0,1.0,1.0,1.0,1.0,1.0,1.0,1.0,1.0,1.0,1.0,1.0,1.0,1.0,1.0,1.0,1.0,1.0,1.0,1.0,1.0,1.0,1.0,1.0,0.643980343980344,1.0,1.0,1.0,1.0,1.0,0.8880075323737295,1.0,1.0,1.0,1.0,0.7685753173766873,0.5967654440693657,1.0,1.0,0.6190313312795183,1.0,1.0,0.6705349135496195,1.0,1.0,1.0,1.0,1.0,1.0,1.0,1.0,1.0,1.0,1.0,1.0,1.0,1.0,1.0
1.0,1.0,1.0,1.0,1.0,1.0,1.0,1.0,0.6667869482884963,1.0,0.7395767024160689,1.0,0.7398989319074458,1.0,0.0,1.0,0.7534608731724116,0.7364300649296924,1.0,1.0,1.0,1.0,0.6759183520833636,1.0,1.0,1.0,1.0,1.0,1.0,1.0,1.0,1.0,1.0,1.0,1.0,1.0,1.0,1.0,1.0,1.0,1.0,1.0,1.0,1.0,0.6635596647149221,1.0,0.7286179337231969,1.0,1.0,1.0,1.0,0.708225529744517,1.0,1.0,1.0,1.0,1.0,1.0,1.0,1.0,1.0,1.0,1.0,1.0,1.0,1.0,1.0,1.0,1.0,1.0,0.5641953287725348,1.0,1.0,1.0,1.0,1.0,1.0,1.0,1.0,1.0,1.0,1.0,1.0,1.0,1.0,1.0,1.0,1.0,1.0,1.0,1.0,1.0,1.0,1.0,1.0,1.0,0.8243603502006863,1.0,1.0,1.0,1.0,1.0,1.0,1.0,1.0,1.0,1.0,1.0,1.0,1.0,0.7562887587558641,1.0,0.5688745256111384,1.0,1.0,1.0,1.0,0.7597341268286127,1.0,1.0,1.0,1.0,1.0,0.8502405976090186,1.0,1.0,1.0,0.6611923758431111,1.0,1.0,1.0,1.0,1.0,1.0,1.0,1.0,1.0,1.0,1.0,1.0,1.0,1.0,1.0,1.0,1.0,1.0,1.0,1.0,1.0,1.0,1.0,1.0,1.0,1.0,1.0,1.0,1.0,1.0,1.0,1.0,1.0,1.0,1.0,1.0,1.0,1.0,1.0,1.0,1.0,1.0,1.0,1.0,1.0,0.5759465954367269,1.0,1.0,1.0,1.0,1.0,1.0,1.0,0.6123177624514523,0.6790266689426353,1.0,1.0,1.0,1.0,1.0,1.0,1.0,1.0,1.0,1.0,1.0,1.0,1.0,1.0,1.0,1.0,1.0,1.0,1.0
1.0,1.0,1.0,1.0,1.0,1.0,1.0,0.8759635525764558,1.0,0.8465997932415843,1.0,0.8244148925655774,1.0,1.0,1.0,0.0,1.0,1.0,1.0,1.0,1.0,1.0,1.0,1.0,1.0,1.0,1.0,1.0,1.0,1.0,1.0,1.0,0.8397150663544106,0.8459933435739888,0.8013588263588264,0.7896960783324419,0.8284839794708216,1.0,1.0,1.0,0.8408302808302808,1.0,1.0,1.0,1.0,1.0,1.0,1.0,1.0,1.0,0.8206435627864199,1.0,1.0,1.0,1.0,1.0,1.0,1.0,1.0,1.0,1.0,1.0,1.0,1.0,1.0,1.0,1.0,1.0,1.0,0.7893740719827677,1.0,1.0,0.800669449598021,1.0,1.0,1.0,1.0,1.0,1.0,0.8568001443001443,0.8258698070317789,1.0,1.0,1.0,1.0,1.0,1.0,1.0,1.0,1.0,1.0,1.0,1.0,1.0,0.8421062271062271,1.0,1.0,1.0,1.0,0.8202343418689573,1.0,1.0,1.0,1.0,1.0,1.0,1.0,1.0,1.0,0.8484852960659413,1.0,1.0,1.0,1.0,0.837383634883635,1.0,1.0,1.0,0.8169811320754717,1.0,1.0,1.0,1.0,1.0,0.8717291967291967,0.8304432656545333,0.7799206349206349,1.0,1.0,1.0,1.0,1.0,1.0,1.0,1.0,0.8575464373783701,1.0,1.0,1.0,1.0,1.0,1.0,1.0,1.0,1.0,1.0,1.0,1.0,1.0,0.7728158687717511,0.7768256154619791,1.0,1.0,1.0,0.904532967032967,1.0,1.0,1.0,1.0,1.0,1.0,1.0,1.0,1.0,1.0,1.0,0.8302846316544946,1.0,1.0,1.0,1.0,0.8728561121418265,1.0,1.0,1.0,1.0,1.0,1.0,1.0,1.0,1.0,1.0,1.0,1.0,1.0,1.0,1.0,1.0,1.0,1.0,1.0,1.0,1.0,1.0,1.0,1.0,1.0,0.8505565862708719,1.0,0.8559732664995823,1.0,1.0
1.0,1.0,1.0,1.0,1.0,1.0,1.0,1.0,0.756990544666601,1.0,0.7674842084998335,1.0,0.7622920482295482,1.0,0.7534608731724116,1.0,0.0,0.7588389475108225,1.0,1.0,1.0,1.0,0.7742628144802057,1.0,1.0,1.0,1.0,1.0,1.0,1.0,1.0,1.0,1.0,1.0,1.0,1.0,1.0,1.0,1.0,1.0,1.0,1.0,1.0,1.0,0.7780854176687511,1.0,0.8173816082906993,1.0,1.0,1.0,1.0,0.7902791238612135,1.0,1.0,1.0,1.0,1.0,1.0,1.0,1.0,1.0,1.0,1.0,1.0,1.0,1.0,1.0,1.0,1.0,1.0,0.7562779730789401,1.0,1.0,1.0,1.0,1.0,1.0,1.0,1.0,1.0,1.0,1.0,1.0,1.0,1.0,1.0,1.0,1.0,1.0,1.0,1.0,1.0,1.0,1.0,1.0,1.0,0.832156308851224,1.0,1.0,1.0,1.0,1.0,1.0,1.0,1.0,1.0,1.0,1.0,1.0,1.0,0.7923267079004783,1.0,0.753708453227684,1.0,1.0,1.0,1.0,0.7651875901875902,1.0,1.0,1.0,1.0,1.0,0.8654947916666667,1.0,1.0,1.0,0.7929057734204793,1.0,1.0,1.0,1.0,1.0,1.0,1.0,1.0,1.0,1.0,1.0,1.0,1.0,1.0,1.0,1.0,1.0,1.0,1.0,1.0,1.0,1.0,1.0,1.0,1.0,1.0,1.0,1.0,1.0,1.0,1.0,1.0,1.0,1.0,1.0,1.0,1.0,1.0,1.0,1.0,1.0,1.0,1.0,1.0,1.0,0.7310810771664128,1.0,1.0,1.0,1.0,1.0,1.0,1.0,0.7030044996462907,0.7641884685362946,1.0,1.0,1.0,1.0,1.0,1.0,1.0,1.0,1.0,1.0,1.0,1.0,1.0,1.0,1.0,1.0,1.0,1.0,1.0
1.0,1.0,1.0,1.0,1.0,1.0,1.0,1.0,0.7413670852956568,1.0,0.8074362619138739,1.0,0.8310109416727063,1.0,0.7364300649296924,1.0,0.7588389475108225,0.0,1.0,1.0,1.0,1.0,0.7815114836853967,1.0,1.0,1.0,1.0,1.0,1.0,1.0,1.0,1.0,1.0,1.0,1.0,1.0,1.0,1.0,1.0,1.0,1.0,1.0,1.0,1.0,0.7895006105006105,1.0,0.8133073808446943,1.0,1.0,1.0,1.0,0.7486396453787758,1.0,1.0,1.0,1.0,1.0,1.0,1.0,1.0,1.0,1.0,1.0,1.0,1.0,1.0,1.0,1.0,1.0,1.0,0.7505103666868372,1.0,1.0,1.0,1.0,1.0,1.0,1.0,1.0,1.0,1.0,1.0,1.0,1.0,1.0,1.0,1.0,1.0,1.0,1.0,1.0,1.0,1.0,1.0,1.0,1.0,0.8164665084019924,1.0,1.0,1.0,1.0,1.0,1.0,1.0,1.0,1.0,1.0,1.0,1.0,1.0,0.8240473935786436,1.0,0.7059821463652733,1.0,1.0,1.0,1.0,0.7551896516182232,1.0,1.0,1.0,1.0,1.0,0.8296338965693805,1.0,1.0,1.0,0.7980300901533779,1.0,1.0,1.0,1.0,1.0,1.0,1.0,1.0,1.0,1.0,1.0,1.0,1.0,1.0,1.0,1.0,1.0,1.0,1.0,1.0,1.0,1.0,1.0,1.0,1.0,1.0,1.0,1.0,1.0,1.0,1.0,1.0,1.0,1.0,1.0,1.0,1.0,1.0,1.0,1.0,1.0,1.0,1.0,1.0,1.0,0.7036811819420514,1.0,1.0,1.0,1.0,1.0,1.0,1.0,0.7752556570413713,0.7508383635144198,1.0,1.0,1.0,1.0,1.0,1.0,1.0,1.0,1.0,1.0,1.0,1.0,1.0,1.0,1.0,1.0,1.0,1.0,1.0
1.0,1.0,1.0,1.0,1.0,0.6976480025822132,1.0,1.0,1.0,1.0,1.0,1.0,1.0,0.5557970568190342,1.0,1.0,1.0,1.0,0.0,0.6049412402771128,0.5755108817608816,0.8681042466305624,1.0,1.0,1.0,0.7507267507267508,0.7181317307834743,0.7450167133694132,1.0,1.0,1.0,0.6516774827339843,1.0,1.0,1.0,1.0,1.0,1.0,1.0,1.0,1.0,1.0,1.0,1.0,1.0,0.6870428273025675,1.0,0.6059793381221951,0.8597528893581525,0.6817026122026124,1.0,1.0,1.0,0.7822794361595893,0.5986397675252164,1.0,0.598277245630187,1.0,1.0,1.0,1.0,1.0,1.0,1.0,1.0,1.0,1.0,1.0,1.0,1.0,1.0,0.7521851503759399,1.0,0.7671569949240227,0.7050440770100214,1.0,0.5225295172663595,0.8000030242661822,1.0,1.0,1.0,0.7138071966656832,0.7504573662257309,1.0,1.0,0.7108161027568922,0.5762209315859306,1.0,0.6706825679766859,0.6688924270927408,1.0,1.0,1.0,0.5842403861311425,1.0,0.7964268596900176,1.0,0.6494756682674232,1.0,1.0,0.575979314282842,0.7228528421469598,0.6228554440055989,1.0,0.7612165700370035,0.6820721978399997,0.4919580176159123,0.7563478005912216,0.7121801213560217,1.0,1.0,1.0,1.0,1.0,1.0,1.0,0.5886713325374318,1.0,1.0,1.0,0.6337961025076542,1.0,0.7175785915917495,1.0,1.0,1.0,1.0,1.0,1.0,1.0,1.0,1.0,1.0,1.0,1.0,1.0,1.0,1.0,1.0,1.0,0.8107560568086883,1.0,1.0,1.0,1.0,1.0,1.0,1.0,1.0,1.0,1.0,1.0,1.0,1.0,1.0,1.0,1.0,1.0,1.0,1.0,1.0,1.0,1.0,1.0,1.0,1.0,1.0,1.0,0.6856997528492441,1.0,1.0,1.0,1.0,1.0,0.8708025497499181,1.0,1.0,1.0,1.0,0.7467350141778812,0.6491254243240149,1.0,1.0,0.6969465686871381,1.0,1.0,0.6490023319021608,1.0,1.0,1.0,1.0,1.0,1.0,1.0,1.0,1.0,1.0,1.0,1.0,1.0,1.0,1.0
1.0,1.0,1.0,1.0,1.0,0.7137323103076529,1.0,1.0,1.0,1.0,1.0,1.0,1.0,0.5861534565652216,1.0,1.0,1.0,1.0,0.6049412402771128,0.0,0.6110499363563089,0.8810521567984254,1.0,1.0,1.0,0.7854964681051637,0.6565756139285552,0.7314704701691003,1.0,1.0,1.0,0.6706426564303277,1.0,1.0,1.0,1.0,1.0,1.0,1.0,1.0,1.0,1.0,1.0,1.0,1.0,0.6881001714335049,1.0,0.6483888069704634,0.84807108314571,0.6919583591012162,1.0,1.0,1.0,0.8120001458236753,0.6349227234400482,1.0,0.6299558803357915,1.0,1.0,1.0,1.0,1.0,1.0,1.0,1.0,1.0,1.0,1.0,1.0,1.0,1.0,0.783381549006549,1.0,0.763971742543171,0.6635957842479581,1.0,0.6043595651944602,0.814902006206354,1.0,1.0,1.0,0.6956695526695529,0.7972751322751324,1.0,1.0,0.6537940630797773,0.5913772658534946,1.0,0.7146264229597563,0.7014064183078268,1.0,1.0,1.0,0.6509717438993755,1.0,0.8038442636268723,1.0,0.6612042112243562,1.0,1.0,0.6230891582188022,0.7222898683752039,0.6245924263529898,1.0,0.7752179745137492,0.692261151546866,0.5593782863251786,0.7773492674590439,0.7411713286713287,1.0,1.0,1.0,1.0,1.0,1.0,1.0,0.6751760655495176,1.0,1.0,1.0,0.6088290952874287,1.0,0.7320238584944467,1.0,1.0,1.0,1.0,1.0,1.0,1.0,1.0,1.0,1.0,1.0,1.0,1.0,1.0,1.0,1.0,1.0,0.7634497547541026,1.0,1.0,1.0,1.0,1.0,1.0,1.0,1.0,1.0,1.0,1.0,1.0,1.0,1.0,1.0,1.0,1.0,1.0,1.0,1.0,1.0,1.0,1.0,1.0,1.0,1.0,1.0,0.6869552515385849,1.0,1.0,1.0,1.0,1.0,0.8679449635331988,1.0,1.0,1.0,1.0,0.7495043603739256,0.6215903862642993,1.0,1.0,0.6661257356664286,1.0,1.0,0.7165659816949099,1.0,1.0,1.0,1.0,1.0,1.0,1.0,1.0,1.0,1.0,1.0,1.0,1.0,1.0,1.0
1.0,1.0,1.0,1.0,1.0,0.6364626114626115,1.0,1.0,1.0,1.0,1.0,1.0,1.0,0.5630713419895532,1.0,1.0,1.0,1.0,0.5755108817608816,0.6110499363563089,0.0,0.8394783168220669,1.0,1.0,1.0,0.7592858938447173,0.685398739746566,0.777795459045459,1.0,1.0,1.0,0.5875820636690201,1.0,1.0,1.0,1.0,1.0,1.0,1.0,1.0,1.0,1.0,1.0,1.0,1.0,0.668517398094863,1.0,0.6435957908190881,0.822028740490279,0.7086046918767508,1.0,1.0,1.0,0.8046910232624518,0.5776130119880121,1.0,0.6489646802612836,1.0,1.0,1.0,1.0,1.0,1.0,1.0,1.0,1.0,1.0,1.0,1.0,1.0,1.0,0.6897031036956411,1.0,0.7220335647258723,0.6936647875933589,1.0,0.5548983728260044,0.7809528170242456,1.0,1.0,1.0,0.725785526607895,0.7269412552021248,1.0,1.0,0.6680240729536506,0.6099012416414379,1.0,0.7382610092924355,0.6822687377035201,1.0,1.0,1.0,0.6453993439481056,1.0,0.8107839056368469,1.0,0.6409115325436784,1.0,1.0,0.5785898455016101,0.7065786325842554,0.5941379450330856,1.0,0.7583809909896866,0.6885976492438797,0.5409140125033476,0.7372102897102897,0.789022989022989,1.0,1.0,1.0,1.0,1.0,1.0,1.0,0.6227367227367226,1.0,1.0,1.0,0.6063233063233063,1.0,0.6952035969081425,1.0,1.0,1.0,1.0,1.0,1.0,1.0,1.0,1.0,1.0,1.0,1.0,1.0,1.0,1.0,1.0,1.0,0.8474697524697524,1.0,1.0,1.0,1.0,1.0,1.0,1.0,1.0,1.0,1.0,1.0,1.0,1.0,1.0,1.0,1.0,1.0,1.0,1.0,1.0,1.0,1.0,1.0,1.0,1.0,1.0,1.0,0.7052281052281052,1.0,1.0,1.0,1.0,1.0,0.8454763986013986,1.0,1.0,1.0,1.0,0.7166899021376634,0.6612427283201932,1.0,1.0,0.6584604653658361,1.0,1.0,0.6531061592370624,1.0,1.0,1.0,1.0,1.0,1.0,1.0,1.0,1.0,1.0,1.0,1.0,1.0,1.0,1.0
1.0,1.0,1.0,1.0,1.0,0.8798217108561937,1.0,1.0,1.0,1.0,1.0,1.0,1.0,0.863346747149564,1.0,1.0,1.0,1.0,0.8681042466305624,0.8810521567984254,0.8394783168220669,0.0,1.0,1.0,1.0,0.8401785714285714,0.8623110496061316,0.8853963744588744,1.0,1.0,1.0,0.8246831720192376,1.0,1.0,1.0,1.0,1.0,1.0,1.0,1.0,1.0,1.0,1.0,1.0,1.0,0.8812178706709957,1.0,0.8641521672771673,0.8751552795031056,0.8026839826839827,1.0,1.0,1.0,0.896468253968254,0.8203683961146648,1.0,0.8885446203628022,1.0,1.0,1.0,1.0,1.0,1.0,1.0,1.0,1.0,1.0,1.0,1.0,1.0,1.0,0.850029394473839,1.0,0.7930672268907563,0.8888534252941033,1.0,0.8555005365005365,0.9003607503607504,1.0,1.0,1.0,0.9185399159663865,0.8196649029982364,1.0,1.0,0.8893584369774846,0.8502061947714121,1.0,0.8997377622377623,0.8841459997197701,1.0,1.0,1.0,0.831225024975025,1.0,0.8690828402366864,1.0,0.8717169074311931,1.0,1.0,0.8640743515743516,0.8491749390456287,0.8471273518148519,1.0,0.8501526747062461,0.8437158212158212,0.8496767298237886,0.884800086918731,0.9054416937229437,1.0,1.0,1.0,1.0,1.0,1.0,1.0,0.8504839115133233,1.0,1.0,1.0,0.8572489285175853,1.0,0.8605786703008925,1.0,1.0,1.0,1.0,1.0,1.0,1.0,1.0,1.0,1.0,1.0,1.0,1.0,1.0,1.0,1.0,1.0,0.9223366910866911,1.0,1.0,1.0,1.0,1.0,1.0,1.0,1.0,1.0,1.0,1.0,1.0,1.0,1.0,1.0,1.0,1.0,1.0,1.0,1.0,1.0,1.0,1.0,1.0,1.0,1.0,1.0,0.8661300505050504,1.0,1.0,1.0,1.0,1.0,0.7764550264550265,1.0,1.0,1.0,1.0,0.83607367475292,0.8715773921419083,1.0,1.0,0.8448569023569024,1.0,1.0,0.8551056917992402,1.0,1.0,1.0,1.0,1.0,1.0,1.0,1.0,1.0,1.0,1.0,1.0,1.0,1.0,1.0
1.0,1.0,1.0,1.0,1.0,1.0,1.0,1.0,0.6552453987236595,1.0,0.7988615959204194,1.0,0.701102118493423,1.0,0.6759183520833636,1.0,0.7742628144802057,0.7815114836853967,1.0,1.0,1.0,1.0,0.0,1.0,1.0,1.0,1.0,1.0,1.0,1.0,1.0,1.0,1.0,1.0,1.0,1.0,1.0,1.0,1.0,1.0,1.0,1.0,1.0,1.0,0.755926072484514,1.0,0.7302480932915716,1.0,1.0,1.0,1.0,0.7619725023834613,1.0,1.0,1.0,1.0,1.0,1.0,1.0,1.0,1.0,1.0,1.0,1.0,1.0,1.0,1.0,1.0,1.0,1.0,0.6503746891035367,1.0,1.0,1.0,1.0,1.0,1.0,1.0,1.0,1.0,1.0,1.0,1.0,1.0,1.0,1.0,1.0,1.0,1.0,1.0,1.0,1.0,1.0,1.0,1.0,1.0,0.8203387822790809,1.0,1.0,1.0,1.0,1.0,1.0,1.0,1.0,1.0,1.0,1.0,1.0,1.0,0.7826617826617828,1.0,0.6599177563261274,1.0,1.0,1.0,1.0,0.7590065979771863,1.0,1.0,1.0,1.0,1.0,0.8329564713893072,1.0,1.0,1.0,0.7311877430028115,1.0,1.0,1.0,1.0,1.0,1.0,1.0,1.0,1.0,1.0,1.0,1.0,1.0,1.0,1.0,1.0,1.0,1.0,1.0,1.0,1.0,1.0,1.0,1.0,1.0,1.0,1.0,1.0,1.0,1.0,1.0,1.0,1.0,1.0,1.0,1.0,1.0,1.0,1.0,1.0,1.0,1.0,1.0,1.0,1.0,0.6576230076230076,1.0,1.0,1.0,1.0,1.0,1.0,1.0,0.7271822820037106,0.6916635699244394,1.0,1.0,1.0,1.0,1.0,1.0,1.0,1.0,1.0,1.0,1.0,1.0,1.0,1.0,1.0,1.0,1.0,1.0,1.0
1.0,1.0,1.0,1.0,1.0,1.0,1.0,1.0,1.0,1.0,1.0,1.0,1.0,1.0,1.0,1.0,1.0,1.0,1.0,1.0,1.0,1.0,1.0,0.0,0.7960972908156007,1.0,1.0,1.0,1.0,1.0,1.0,1.0,1.0,1.0,1.0,1.0,1.0,1.0,1.0,1.0,1.0,1.0,1.0,1.0,1.0,1.0,1.0,1.0,1.0,1.0,1.0,1.0,1.0,1.0,1.0,0.8203696303696303,1.0,0.7760063319764813,1.0,1.0,1.0,1.0,1.0,1.0,1.0,1.0,1.0,1.0,1.0,1.0,1.0,1.0,1.0,1.0,1.0,1.0,1.0,1.0,1.0,1.0,1.0,1.0,1.0,1.0,0.8823752749982258,1.0,1.0,0.9043785310734463,1.0,1.0,1.0,1.0,1.0,1.0,1.0,1.0,1.0,1.0,1.0,1.0,1.0,1.0,1.0,1.0,1.0,1.0,1.0,1.0,1.0,1.0,1.0,1.0,1.0,1.0,1.0,1.0,1.0,1.0,1.0,1.0,1.0,0.7426112313612314,1.0,1.0,1.0,1.0,1.0,1.0,1.0,1.0,1.0,1.0,1.0,1.0,1.0,1.0,1.0,1.0,1.0,1.0,1.0,1.0,1.0,1.0,1.0,1.0,1.0,1.0,1.0,1.0,1.0,1.0,1.0,1.0,1.0,1.0,1.0,1.0,0.8222309083610454,1.0,1.0,1.0,1.0,1.0,1.0,1.0,1.0,1.0,1.0,1.0,1.0,1.0,1.0,1.0,1.0,0.7576315249631548,1.0,1.0,1.0,1.0,1.0,1.0,1.0,1.0,1.0,1.0,1.0,1.0,1.0,1.0,0.8832650154078725,1.0,1.0,1.0,1.0,1.0,1.0,1.0,1.0,1.0,1.0,0.7533770736141236
1.0,1.0,1.0,1.0,1.0,1.0,1.0,1.0,1.0,1.0,1.0,1.0,1.0,1.0,1.0,1.0,1.0,1.0,1.0,1.0,1.0,1.0,1.0,0.7960972908156007,0.0,1.0,1.0,1.0,1.0,1.0,1.0,1.0,1.0,1.0,1.0,1.0,1.0,1.0,1.0,1.0,1.0,1.0,1.0,1.0,1.0,1.0,1.0,1.0,1.0,1.0,1.0,1.0,1.0,1.0,1.0,0.7559326041720409,1.0,0.7232906373751444,1.0,1.0,1.0,1.0,1.0,1.0,1.0,1.0,1.0,1.0,1.0,1.0,1.0,1.0,1.0,1.0,1.0,1.0,1.0,1.0,1.0,1.0,1.0,1.0,1.0,1.0,0.8434676434676434,1.0,1.0,0.8497902494331065,1.0,1.0,1.0,1.0,1.0,1.0,1.0,1.0,1.0,1.0,1.0,1.0,1.0,1.0,1.0,1.0,1.0,1.0,1.0,1.0,1.0,1.0,1.0,1.0,1.0,1.0,1.0,1.0,1.0,1.0,1.0,1.0,1.0,0.7508328735940677,1.0,1.0,1.0,1.0,1.0,1.0,1.0,1.0,1.0,1.0,1.0,1.0,1.0,1.0,1.0,1.0,1.0,1.0,1.0,1.0,1.0,1.0,1.0,1.0,1.0,1.0,1.0,1.0,1.0,1.0,1.0,1.0,1.0,1.0,1.0,1.0,0.6491332487907828,1.0,1.0,1.0,1.0,1.0,1.0,1.0,1.0,1.0,1.0,1.0,1.0,1.0,1.0,1.0,1.0,0.6643298171532821,1.0,1.0,1.0,1.0,1.0,1.0,1.0,1.0,1.0,1.0,1.0,1.0,1.0,1.0,0.8268693427784337,1.0,1.0,1.0,1.0,1.0,1.0,1.0,1.0,1.0,1.0,0.7070899971941639
1.0,1.0,1.0,1.0,1.0,0.7750912762451223,1.0,1.0,1.0,1.0,1.0,1.0,1.0,0.7844555782055782,1.0,1.0,1.0,1.0,0.7507267507267508,0.7854964681051637,0.7592858938447173,0.8401785714285714,1.0,1.0,1.0,0.0,0.8098943985307622,0.8489357864357865,1.0,1.0,1.0,0.7916047468286275,1.0,1.0,1.0,1.0,1.0,1.0,1.0,1.0,1.0,1.0,1.0,1.0,1.0,0.7998175335131856,1.0,0.8300179175179175,0.8333847736625515,0.7863898067744222,1.0,1.0,1.0,0.7628740567265158,0.7548653727225155,1.0,0.7620022654113564,1.0,1.0,1.0,1.0,1.0,1.0,1.0,1.0,1.0,1.0,1.0,1.0,1.0,1.0,0.8409291425420458,1.0,0.7961729362591432,0.7674219597606695,1.0,0.7793717247664615,0.822599531615925,1.0,1.0,1.0,0.7900257678829108,0.8353282289849454,1.0,1.0,0.8040581640581641,0.7529522902762339,1.0,0.8374773650893054,0.811317722681359,1.0,1.0,1.0,0.7516451584944737,1.0,0.7946018062397373,1.0,0.7885863727775493,1.0,1.0,0.7531973427806761,0.707045373980858,0.8008067689885872,1.0,0.7933870319116221,0.826963356508811,0.7299524468642116,0.8347771851804111,0.7933030944749695,1.0,1.0,1.0,1.0,1.0,1.0,1.0,0.7684846061606625,1.0,1.0,1.0,0.7701968666254381,1.0,0.7779872904872904,1.0,1.0,1.0,1.0,1.0,1.0,1.0,1.0,1.0,1.0,1.0,1.0,1.0,1.0,1.0,1.0,1.0,0.8676097711811998,1.0,1.0,1.0,1.0,1.0,1.0,1.0,1.0,1.0,1.0,1.0,1.0,1.0,1.0,1.0,1.0,1.0,1.0,1.0,1.0,1.0,1.0,1.0,1.0,1.0,1.0,1.0,0.8074153044302298,1.0,1.0,1.0,1.0,1.0,0.8350382128159906,1.0,1.0,1.0,1.0,0.8043154022662219,0.8331092110503875,1.0,1.0,0.8387876599144205,1.0,1.0,0.7778253732799187,1.0,1.0,1.0,1.0,1.0,1.0,1.0,1.0,1.0,1.0,1.0,1.0,1.0,1.0,1.0
1.0,1.0,1.0,1.0,1.0,0.7346811149049955,1.0,1.0,1.0,1.0,1.0,1.0,1.0,0.6488514571847905,1.0,1.0,1.0,1.0,0.7181317307834743,0.6565756139285552,0.685398739746566,0.8623110496061316,1.0,1.0,1.0,0.8098943985307622,0.0,0.7573001753148811,1.0,1.0,1.0,0.741147702063195,1.0,1.0,1.0,1.0,1.0,1.0,1.0,1.0,1.0,1.0,1.0,1.0,1.0,0.7188775510204082,1.0,0.7121577813358635,0.8226088263588264,0.7393986448334274,1.0,1.0,1.0,0.8391481884128943,0.7183493115556083,1.0,0.7157398157398157,1.0,1.0,1.0,1.0,1.0,1.0,1.0,1.0,1.0,1.0,1.0,1.0,1.0,1.0,0.788069548296821,1.0,0.8138928345959595,0.768652864548387,1.0,0.6813629638335522,0.7968986921367873,1.0,1.0,1.0,0.7379912911162911,0.8465893175452,1.0,1.0,0.7265143353378648,0.6954173344785755,1.0,0.7329202096807731,0.7375470489106852,1.0,1.0,1.0,0.7144818266528793,1.0,0.8367948717948718,1.0,0.7285978313152226,1.0,1.0,0.7379642287537025,0.7011390755708937,0.6921361649622519,1.0,0.7880034948216765,0.7637688398557964,0.6990475450393627,0.7549005681818182,0.7316818394024276,1.0,1.0,1.0,1.0,1.0,1.0,1.0,0.7642841767841768,1.0,1.0,1.0,0.6987489036784812,1.0,0.7439060071872572,1.0,1.0,1.0,1.0,1.0,1.0,1.0,1.0,1.0,1.0,1.0,1.0,1.0,1.0,1.0,1.0,1.0,0.8232142857142857,1.0,1.0,1.0,1.0,1.0,1.0,1.0,1.0,1.0,1.0,1.0,1.0,1.0,1.0,1.0,1.0,1.0,1.0,1.0,1.0,1.0,1.0,1.0,1.0,1.0,1.0,1.0,0.7229097392140871,1.0,1.0,1.0,1.0,1.0,0.8119047619047619,1.0,1.0,1.0,1.0,0.7986400284019333,0.6906963475993326,1.0,1.0,0.7063160068594851,1.0,1.0,0.7582410843125128,1.0,1.0,1.0,1.0,1.0,1.0,1.0,1.0,1.0,1.0,1.0,1.0,1.0,1.0,1.0
1.0,1.0,1.0,1.0,1.0,0.8249335139746099,1.0,1.0,1.0,1.0,1.0,1.0,1.0,0.7196318681318683,1.0,1.0,1.0,1.0,0.7450167133694132,0.7314704701691003,0.777795459045459,0.8853963744588744,1.0,1.0,1.0,0.8489357864357865,0.7573001753148811,0.0,1.0,1.0,1.0,0.788767577738166,1.0,1.0,1.0,1.0,1.0,1.0,1.0,1.0,1.0,1.0,1.0,1.0,1.0,0.7631203672870339,1.0,0.7413069183902518,0.8465001301066875,0.7629035283964861,1.0,1.0,1.0,0.8522192783062348,0.7368335472147393,1.0,0.7165621936748698,1.0,1.0,1.0,1.0,1.0,1.0,1.0,1.0,1.0,1.0,1.0,1.0,1.0,1.0,0.8368965932346214,1.0,0.8516087146684161,0.7962276897938663,1.0,0.7262395305932459,0.778875248015873,1.0,1.0,1.0,0.7364512471655329,0.8350387937344459,1.0,1.0,0.7671277997364954,0.7323446934902044,1.0,0.7624657088942803,0.7723995140661807,1.0,1.0,1.0,0.7329116059379219,1.0,0.7663660413660414,1.0,0.7754175586318444,1.0,1.0,0.7567237956848346,0.7419614202222898,0.7869694348861016,1.0,0.7915987412256069,0.7394041008011596,0.7093776585594365,0.7412443112443112,0.6527777777777778,1.0,1.0,1.0,1.0,1.0,1.0,1.0,0.7255838719879816,1.0,1.0,1.0,0.7625303159549734,1.0,0.817651999741552,1.0,1.0,1.0,1.0,1.0,1.0,1.0,1.0,1.0,1.0,1.0,1.0,1.0,1.0,1.0,1.0,1.0,0.7996512746512747,1.0,1.0,1.0,1.0,1.0,1.0,1.0,1.0,1.0,1.0,1.0,1.0,1.0,1.0,1.0,1.0,1.0,1.0,1.0,1.0,1.0,1.0,1.0,1.0,1.0,1.0,1.0,0.7288455988455989,1.0,1.0,1.0,1.0,1.0,0.8540287669319928,1.0,1.0,1.0,1.0,0.7973985384433145,0.7470700727843584,1.0,1.0,0.8194651798818465,1.0,1.0,0.808573664207467,1.0,1.0,1.0,1.0,1.0,1.0,1.0,1.0,1.0,1.0,1.0,1.0,1.0,1.0,1.0
1.0,1.0,1.0,1.0,1.0,1.0,0.7193065384048356,1.0,1.0,1.0,1.0,1.0,1.0,1.0,1.0,1.0,1.0,1.0,1.0,1.0,1.0,1.0,1.0,1.0,1.0,1.0,1.0,1.0,0.0,0.8797331492983667,0.6622879148142308,1.0,1.0,1.0,1.0,1.0,1.0,1.0,1.0,1.0,1.0,1.0,1.0,1.0,1.0,1.0,1.0,1.0,1.0,1.0,1.0,1.0,1.0,1.0,1.0,1.0,1.0,1.0,1.0,1.0,0.7699683762183762,0.6930186042028148,1.0,1.0,0.7462090150069689,1.0,1.0,1.0,1.0,1.0,1.0,1.0,1.0,1.0,1.0,1.0,1.0,1.0,0.8619941873463,1.0,1.0,1.0,1.0,1.0,1.0,1.0,1.0,1.0,1.0,1.0,1.0,1.0,1.0,1.0,1.0,1.0,1.0,1.0,0.8072277487770445,1.0,1.0,1.0,1.0,1.0,1.0,1.0,1.0,1.0,1.0,1.0,1.0,0.807665174331841,1.0,0.9306166056166056,1.0,1.0,1.0,1.0,1.0,1.0,1.0,1.0,1.0,1.0,1.0,1.0,1.0,1.0,1.0,0.6292822792822793,0.6575663410150945,1.0,1.0,1.0,0.8090397215397215,1.0,1.0,0.7143346429804763,0.7794227994227995,0.6145824812313001,1.0,0.6205136530136532,0.661876182980079,0.6976462351462351,1.0,0.7250482964524061,1.0,0.7150847529094282,0.6752650965592142,1.0,1.0,1.0,0.7987631416202845,1.0,1.0,1.0,0.7546393557422969,1.0,1.0,1.0,0.779278548028548,0.6659478114478117,1.0,1.0,1.0,1.0,1.0,0.6816480368051682,1.0,1.0,1.0,1.0,1.0,1.0,1.0,1.0,1.0,1.0,0.5972109655050835,1.0,1.0,1.0,1.0,1.0,1.0,1.0,1.0,1.0,1.0,1.0,1.0,1.0,0.8251785516071231,0.9257073844030366,0.7435012622512622,1.0,1.0,1.0,0.8136195963660753,1.0,0.7783529565672422,1.0
1.0,1.0,1.0,1.0,1.0,1.0,0.894930364248546,1.0,1.0,1.0,1.0,1.0,1.0,1.0,1.0,1.0,1.0,1.0,1.0,1.0,1.0,1.0,1.0,1.0,1.0,1.0,1.0,1.0,0.8797331492983667,0.0,0.9087318784501883,1.0,1.0,1.0,1.0,1.0,1.0,1.0,1.0,1.0,1.0,1.0,1.0,1.0,1.0,1.0,1.0,1.0,1.0,1.0,1.0,1.0,1.0,1.0,1.0,1.0,1.0,1.0,1.0,1.0,0.9038793103448276,0.9091208791208791,1.0,1.0,0.8636190476190476,1.0,1.0,1.0,1.0,1.0,1.0,1.0,1.0,1.0,1.0,1.0,1.0,1.0,0.9273049645390071,1.0,1.0,1.0,1.0,1.0,1.0,1.0,1.0,1.0,1.0,1.0,1.0,1.0,1.0,1.0,1.0,1.0,1.0,1.0,0.9037735849056604,1.0,1.0,1.0,1.0,1.0,1.0,1.0,1.0,1.0,1.0,1.0,1.0,0.879874213836478,1.0,0.8826254826254826,1.0,1.0,1.0,1.0,1.0,1.0,1.0,1.0,1.0,1.0,1.0,1.0,1.0,1.0,1.0,0.901432022084196,0.8834373143196672,1.0,1.0,1.0,0.8911237373737374,1.0,1.0,0.8881226053639847,0.8808194729247361,0.9068151091507493,1.0,0.8452497751005215,0.9161865161865161,0.8799801587301588,1.0,0.8994879672299028,1.0,0.8735209235209236,0.8923049943883277,1.0,1.0,1.0,0.9144949494949495,1.0,1.0,1.0,0.8584806397306397,1.0,1.0,1.0,0.8406698564593301,0.8649332438394939,1.0,1.0,1.0,1.0,1.0,0.8676523297491039,1.0,1.0,1.0,1.0,1.0,1.0,1.0,1.0,1.0,1.0,0.8844474969474969,1.0,1.0,1.0,1.0,1.0,1.0,1.0,1.0,1.0,1.0,1.0,1.0,1.0,0.9033730158730159,0.9074074074074074,0.8851696047008547,1.0,1.0,1.0,0.9349059376837154,1.0,0.8916666666666666,1.0
1.0,1.0,1.0,1.0,1.0,1.0,0.7122801540564698,1.0,1.0,1.0,1.0,1.0,1.0,1.0,1.0,1.0,1.0,1.0,1.0,1.0,1.0,1.0,1.0,1.0,1.0,1.0,1.0,1.0,0.6622879148142308,0.9087318784501883,0.0,1.0,1.0,1.0,1.0,1.0,1.0,1.0,1.0,1.0,1.0,1.0,1.0,1.0,1.0,1.0,1.0,1.0,1.0,1.0,1.0,1.0,1.0,1.0,1.0,1.0,1.0,1.0,1.0,1.0,0.7749567593745676,0.6892653034100402,1.0,1.0,0.7661657390228819,1.0,1.0,1.0,1.0,1.0,1.0,1.0,1.0,1.0,1.0,1.0,1.0,1.0,0.8595972281686567,1.0,1.0,1.0,1.0,1.0,1.0,1.0,1.0,1.0,1.0,1.0,1.0,1.0,1.0,1.0,1.0,1.0,1.0,1.0,0.8232620950478093,1.0,1.0,1.0,1.0,1.0,1.0,1.0,1.0,1.0,1.0,1.0,1.0,0.8145214353547687,1.0,0.9269270353829178,1.0,1.0,1.0,1.0,1.0,1.0,1.0,1.0,1.0,1.0,1.0,1.0,1.0,1.0,1.0,0.6185247383776797,0.6287898287898288,1.0,1.0,1.0,0.7026615359948694,1.0,1.0,0.7596828209841908,0.7371334683834684,0.6312488937488939,1.0,0.6649191808694072,0.5868287868287871,0.6740207661440538,1.0,0.7420363122417917,1.0,0.6726542346542348,0.7051654064889358,1.0,1.0,1.0,0.7646678093595902,1.0,1.0,1.0,0.7976062584758237,1.0,1.0,1.0,0.778846153846154,0.6748444967485214,1.0,1.0,1.0,1.0,1.0,0.6767857142857143,1.0,1.0,1.0,1.0,1.0,1.0,1.0,1.0,1.0,1.0,0.5970603819868526,1.0,1.0,1.0,1.0,1.0,1.0,1.0,1.0,1.0,1.0,1.0,1.0,1.0,0.8437244680202427,0.9299709277650454,0.7095790095790097,1.0,1.0,1.0,0.8054110990730708,1.0,0.8236047449282743,1.0
1.0,1.0,1.0,1.0,1.0,0.6819945700961745,1.0,1.0,1.0,1.0,1.0,1.0,1.0,0.6322667774521118,1.0,1.0,1.0,1.0,0.6516774827339843,0.6706426564303277,0.5875820636690201,0.8246831720192376,1.0,1.0,1.0,0.7916047468286275,0.741147702063195,0.788767577738166,1.0,1.0,1.0,0.0,1.0,1.0,1.0,1.0,1.0,1.0,1.0,1.0,1.0,1.0,1.0,1.0,1.0,0.7036209227280656,1.0,0.7180862470862472,0.855448473095532,0.6638821596898858,1.0,1.0,1.0,0.7609168609168608,0.6139336510401134,1.0,0.6782827800019184,1.0,1.0,1.0,1.0,1.0,1.0,1.0,1.0,1.0,1.0,1.0,1.0,1.0,1.0,0.745099717860912,1.0,0.7564840632004811,0.7954166956412628,1.0,0.6007363904178309,0.8211004885637239,1.0,1.0,1.0,0.7178118053118054,0.6892238736290537,1.0,1.0,0.7718205593205594,0.610263224761982,1.0,0.7547171193004526,0.7537161977302822,1.0,1.0,1.0,0.6102211684013155,1.0,0.8042003851527662,1.0,0.5828218422292817,1.0,1.0,0.6583281163281165,0.724960435806024,0.6886002559531973,1.0,0.7871977287418463,0.7279443642258768,0.5956008597455965,0.7605877616747182,0.825975375975376,1.0,1.0,1.0,1.0,1.0,1.0,1.0,0.6327410603095536,1.0,1.0,1.0,0.713508897148603,1.0,0.69436569840416,1.0,1.0,1.0,1.0,1.0,1.0,1.0,1.0,1.0,1.0,1.0,1.0,1.0,1.0,1.0,1.0,1.0,0.821011586452763,1.0,1.0,1.0,1.0,1.0,1.0,1.0,1.0,1.0,1.0,1.0,1.0,1.0,1.0,1.0,1.0,1.0,1.0,1.0,1.0,1.0,1.0,1.0,1.0,1.0,1.0,1.0,0.7210114795450339,1.0,1.0,1.0,1.0,1.0,0.8373859826240779,1.0,1.0,1.0,1.0,0.6972458097458099,0.7471141879385459,1.0,1.0,0.7344386062829691,1.0,1.0,0.6482964175128354,1.0,1.0,1.0,1.0,1.0,1.0,1.0,1.0,1.0,1.0,1.0,1.0,1.0,1.0,1.0
