0.0,0.4682917891456201,1.0,1.0,1.0,1.0,1.0,1.0,1.0,1.0,1.0,1.0,1.0,1.0,1.0,1.0,1.0,1.0,1.0,1.0,1.0,1.0,1.0,1.0,1.0,1.0,1.0,1.0,1.0,1.0,1.0,1.0,1.0,1.0,1.0,1.0,1.0,1.0,1.0,1.0,1.0,1.0,1.0,1.0,1.0,1.0,1.0,1.0,1.0,1.0,1.0,1.0,1.0,1.0,1.0,1.0,1.0,1.0,1.0,1.0,1.0,1.0,1.0,1.0,1.0,1.0,1.0,1.0,1.0,1.0,1.0,1.0,1.0,1.0,1.0,1.0,1.0,1.0,1.0,1.0,1.0,1.0,1.0,1.0,1.0,1.0,1.0,1.0,1.0,1.0,1.0,1.0,1.0,1.0,1.0,1.0,1.0,1.0,1.0,1.0,1.0,1.0,1.0,1.0,1.0,1.0,1.0,1.0,1.0,1.0,1.0,1.0,1.0,1.0,1.0,1.0,1.0,1.0,1.0,1.0,1.0,1.0,1.0,1.0,1.0,1.0,1.0,1.0,1.0,1.0,1.0,1.0,1.0,1.0,1.0,1.0,1.0,1.0,1.0,1.0,1.0,1.0,1.0,1.0,1.0,1.0,1.0,1.0,1.0,1.0,1.0,1.0,1.0,1.0,1.0,1.0,1.0,1.0,1.0,1.0,1.0,1.0,1.0,1.0,1.0,1.0,1.0,1.0,1.0,1.0,1.0,1.0,1.0,1.0,1.0,1.0,1.0,1.0,1.0,1.0,1.0,1.0,1.0,1.0,1.0,1.0,1.0,1.0,1.0,1.0,1.0,1.0,1.0,1.0,1.0,1.0,1.0,1.0,1.0,1.0,1.0,1.0
0.4682917891456201,0.0,1.0,1.0,1.0,1.0,1.0,1.0,1.0,1.0,1.0,1.0,1.0,1.0,1.0,1.0,1.0,1.0,1.0,1.0,1.0,1.0,1.0,1.0,1.0,1.0,1.0,1.0,1.0,1.0,1.0,1.0,1.0,1.0,1.0,1.0,1.0,1.0,1.0,1.0,1.0,1.0,1.0,1.0,1.0,1.0,1.0,1.0,1.0,1.0,1.0,1.0,1.0,1.0,1.0,1.0,1.0,1.0,1.0,1.0,1.0,1.0,1.0,1.0,1.0,1.0,1.0,1.0,1.0,1.0,1.0,1.0,1.0,1.0,1.0,1.0,1.0,1.0,1.0,1.0,1.0,1.0,1.0,1.0,1.0,1.0,1.0,1.0,1.0,1.0,1.0,1.0,1.0,1.0,1.0,1.0,1.0,1.0,1.0,1.0,1.0,1.0,1.0,1.0,1.0,1.0,1.0,1.0,1.0,1.0,1.0,1.0,1.0,1.0,1.0,1.0,1.0,1.0,1.0,1.0,1.0,1.0,1.0,1.0,1.0,1.0,1.0,1.0,1.0,1.0,1.0,1.0,1.0,1.0,1.0,1.0,1.0,1.0,1.0,1.0,1.0,1.0,1.0,1.0,1.0,1.0,1.0,1.0,1.0,1.0,1.0,1.0,1.0,1.0,1.0,1.0,1.0,1.0,1.0,1.0,1.0,1.0,1.0,1.0,1.0,1.0,1.0,1.0,1.0,1.0,1.0,1.0,1.0,1.0,1.0,1.0,1.0,1.0,1.0,1.0,1.0,1.0,1.0,1.0,1.0,1.0,1.0,1.0,1.0,1.0,1.0,1.0,1.0,1.0,1.0,1.0,1.0,1.0,1.0,1.0,1.0,1.0
1.0,1.0,0.0,0.8528880764194722,0.8735838915985975,1.0,1.0,1.0,1.0,1.0,1.0,1.0,1.0,1.0,1.0,1.0,1.0,1.0,1.0,1.0,1.0,1.0,1.0,1.0,1.0,1.0,1.0,1.0,1.0,1.0,1.0,1.0,1.0,1.0,1.0,1.0,1.0,0.9606271126134139,0.9357847057336324,1.0,1.0,1.0,1.0,1.0,1.0,1.0,1.0,1.0,1.0,1.0,1.0,1.0,0.8323794729649159,1.0,1.0,1.0,1.0,1.0,0.9078321089684727,1.0,1.0,1.0,1.0,1.0,1.0,0.8560765030316312,0.8114395270565142,1.0,0.8731819933147471,1.0,1.0,1.0,1.0,1.0,1.0,1.0,1.0,1.0,1.0,1.0,1.0,1.0,1.0,0.900871392068871,1.0,1.0,1.0,1.0,1.0,1.0,1.0,1.0,1.0,1.0,1.0,1.0,1.0,1.0,1.0,1.0,1.0,1.0,1.0,1.0,1.0,1.0,1.0,1.0,1.0,1.0,1.0,1.0,1.0,1.0,1.0,0.8346159339077995,1.0,1.0,1.0,1.0,1.0,1.0,1.0,1.0,1.0,1.0,1.0,1.0,1.0,1.0,1.0,1.0,0.8962574199553011,1.0,1.0,1.0,1.0,1.0,1.0,1.0,1.0,1.0,1.0,1.0,1.0,1.0,1.0,1.0,1.0,1.0,1.0,1.0,1.0,1.0,1.0,1.0,1.0,1.0,1.0,0.8263574623421391,1.0,1.0,1.0,1.0,1.0,1.0,1.0,1.0,1.0,1.0,1.0,1.0,0.8523947861558716,1.0,1.0,1.0,1.0,0.931475073975074,1.0,1.0,1.0,1.0,1.0,1.0,0.8364602866659828,1.0,1.0,1.0,1.0,1.0,1.0,1.0,1.0,1.0,1.0,1.0,1.0,1.0,1.0,1.0,1.0,1.0
1.0,1.0,0.8528880764194722,0.0,0.8617238307734882,1.0,1.0,1.0,1.0,1.0,1.0,1.0,1.0,1.0,1.0,1.0,1.0,1.0,1.0,1.0,1.0,1.0,1.0,1.0,1.0,1.0,1.0,1.0,1.0,1.0,1.0,1.0,1.0,1.0,1.0,1.0,1.0,0.950733657876515,0.9571531929482263,1.0,1.0,1.0,1.0,1.0,1.0,1.0,1.0,1.0,1.0,1.0,1.0,1.0,0.8644150148711184,1.0,1.0,1.0,1.0,1.0,0.9299870903744143,1.0,1.0,1.0,1.0,1.0,1.0,0.8932822464966481,0.8449964097209132,1.0,0.9239194627037093,1.0,1.0,1.0,1.0,1.0,1.0,1.0,1.0,1.0,1.0,1.0,1.0,1.0,1.0,0.9128643458304319,1.0,1.0,1.0,1.0,1.0,1.0,1.0,1.0,1.0,1.0,1.0,1.0,1.0,1.0,1.0,1.0,1.0,1.0,1.0,1.0,1.0,1.0,1.0,1.0,1.0,1.0,1.0,1.0,1.0,1.0,1.0,0.8780878647388903,1.0,1.0,1.0,1.0,1.0,1.0,1.0,1.0,1.0,1.0,1.0,1.0,1.0,1.0,1.0,1.0,0.879634117224697,1.0,1.0,1.0,1.0,1.0,1.0,1.0,1.0,1.0,1.0,1.0,1.0,1.0,1.0,1.0,1.0,1.0,1.0,1.0,1.0,1.0,1.0,1.0,1.0,1.0,1.0,0.8447597015083229,1.0,1.0,1.0,1.0,1.0,1.0,1.0,1.0,1.0,1.0,1.0,1.0,0.8446402620204823,1.0,1.0,1.0,1.0,0.9058025127046866,1.0,1.0,1.0,1.0,1.0,1.0,0.8760500874737391,1.0,1.0,1.0,1.0,1.0,1.0,1.0,1.0,1.0,1.0,1.0,1.0,1.0,1.0,1.0,1.0,1.0
1.0,1.0,0.8735838915985975,0.8617238307734882,0.0,1.0,1.0,1.0,1.0,1.0,1.0,1.0,1.0,1.0,1.0,1.0,1.0,1.0,1.0,1.0,1.0,1.0,1.0,1.0,1.0,1.0,1.0,1.0,1.0,1.0,1.0,1.0,1.0,1.0,1.0,1.0,1.0,0.9549440836940837,0.9412196137196137,1.0,1.0,1.0,1.0,1.0,1.0,1.0,1.0,1.0,1.0,1.0,1.0,1.0,0.8967361616210301,1.0,1.0,1.0,1.0,1.0,0.909227525946276,1.0,1.0,1.0,1.0,1.0,1.0,0.8667590201152231,0.8478397401302018,1.0,0.903255779672892,1.0,1.0,1.0,1.0,1.0,1.0,1.0,1.0,1.0,1.0,1.0,1.0,1.0,1.0,0.8891987463321968,1.0,1.0,1.0,1.0,1.0,1.0,1.0,1.0,1.0,1.0,1.0,1.0,1.0,1.0,1.0,1.0,1.0,1.0,1.0,1.0,1.0,1.0,1.0,1.0,1.0,1.0,1.0,1.0,1.0,1.0,1.0,0.8761914755005248,1.0,1.0,1.0,1.0,1.0,1.0,1.0,1.0,1.0,1.0,1.0,1.0,1.0,1.0,1.0,1.0,0.9361833074333075,1.0,1.0,1.0,1.0,1.0,1.0,1.0,1.0,1.0,1.0,1.0,1.0,1.0,1.0,1.0,1.0,1.0,1.0,1.0,1.0,1.0,1.0,1.0,1.0,1.0,1.0,0.8511758929705008,1.0,1.0,1.0,1.0,1.0,1.0,1.0,1.0,1.0,1.0,1.0,1.0,0.9052836677512002,1.0,1.0,1.0,1.0,0.9199765633052464,1.0,1.0,1.0,1.0,1.0,1.0,0.9130199615199616,1.0,1.0,1.0,1.0,1.0,1.0,1.0,1.0,1.0,1.0,1.0,1.0,1.0,1.0,1.0,1.0,1.0
1.0,1.0,1.0,1.0,1.0,0.0,1.0,1.0,1.0,1.0,1.0,1.0,1.0,0.8717409677249343,1.0,1.0,1.0,1.0,0.873012863791695,0.8871994318450949,0.8550367147651552,0.9627462735221356,1.0,1.0,1.0,0.9271953367145674,0.9018152659943705,0.9474751884340925,1.0,1.0,1.0,0.9005201099034655,1.0,1.0,1.0,1.0,1.0,1.0,1.0,1.0,1.0,1.0,1.0,1.0,1.0,0.8533212600308189,1.0,0.9048481375043875,0.948361277459638,0.8812928274944993,1.0,1.0,1.0,0.9083650849098293,0.8883910104445819,1.0,0.8925839965990895,1.0,1.0,1.0,1.0,1.0,1.0,1.0,1.0,1.0,1.0,1.0,1.0,1.0,1.0,0.9114437949203574,1.0,0.9151712982358143,0.926647382408252,1.0,0.8594437242481436,0.9589127142698571,1.0,1.0,1.0,0.9016752535414507,0.880722808202967,1.0,1.0,0.9135901517966736,0.8667887286813343,1.0,0.9045270743995234,0.8725319160896083,1.0,1.0,1.0,0.887241881884739,1.0,0.8782548356318848,1.0,0.9007956200283567,1.0,1.0,0.8464809804393137,0.8711039601424218,0.857252664225416,1.0,0.9104682628259637,0.8679901764901764,0.8711733626022722,0.8879078226873987,0.917112516494201,1.0,1.0,1.0,1.0,1.0,1.0,1.0,0.8613279225555306,1.0,1.0,1.0,0.8883147215816742,1.0,0.8805014767713181,1.0,1.0,1.0,1.0,1.0,1.0,1.0,1.0,1.0,1.0,1.0,1.0,1.0,1.0,1.0,1.0,1.0,0.943782790419357,1.0,1.0,1.0,1.0,1.0,1.0,1.0,1.0,1.0,1.0,1.0,1.0,1.0,1.0,1.0,1.0,1.0,1.0,1.0,1.0,1.0,1.0,1.0,1.0,1.0,1.0,1.0,0.8801513165392765,1.0,1.0,1.0,1.0,1.0,0.9428064544292615,1.0,1.0,1.0,1.0,0.9120831161499364,0.8874568861635563,1.0,1.0,0.8868636194723152,1.0,1.0,0.8894589627544173,1.0,1.0,1.0,1.0,1.0,1.0,1.0,1.0,1.0,1.0,1.0,1.0,1.0,1.0,1.0
1.0,1.0,1.0,1.0,1.0,1.0,0.0,1.0,1.0,1.0,1.0,1.0,1.0,1.0,1.0,1.0,1.0,1.0,1.0,1.0,1.0,1.0,1.0,1.0,1.0,1.0,1.0,1.0,0.8839878565062389,0.9585973370064279,0.9014836341081642,1.0,1.0,1.0,1.0,1.0,1.0,1.0,1.0,1.0,1.0,1.0,1.0,1.0,1.0,1.0,1.0,1.0,1.0,1.0,1.0,1.0,1.0,1.0,1.0,1.0,1.0,1.0,1.0,1.0,0.911456860823058,0.8689201364926002,1.0,1.0,0.8922468493364015,1.0,1.0,1.0,1.0,1.0,1.0,1.0,1.0,1.0,1.0,1.0,1.0,1.0,0.9361595028902722,1.0,1.0,1.0,1.0,1.0,1.0,1.0,1.0,1.0,1.0,1.0,1.0,1.0,1.0,1.0,1.0,1.0,1.0,1.0,0.9275412950786085,1.0,1.0,1.0,1.0,1.0,1.0,1.0,1.0,1.0,1.0,1.0,1.0,0.8932727581981313,1.0,0.9733953766691862,1.0,1.0,1.0,1.0,1.0,1.0,1.0,1.0,1.0,1.0,1.0,1.0,1.0,1.0,1.0,0.8820090672310584,0.8316325753825754,1.0,1.0,1.0,0.9032644732028535,1.0,1.0,0.9413103328596286,0.916112430242865,0.8907455417807585,1.0,0.8593768816799638,0.8677393790246234,0.876018783095989,1.0,0.908147890469319,1.0,0.8687113212113212,0.851018037645234,1.0,1.0,1.0,0.9137853019995877,1.0,1.0,1.0,0.9335754733482006,1.0,1.0,1.0,0.8786989644342585,0.8704669487258774,1.0,1.0,1.0,1.0,1.0,0.8777947939406272,1.0,1.0,1.0,1.0,1.0,1.0,1.0,1.0,1.0,1.0,0.822550993323052,1.0,1.0,1.0,1.0,1.0,1.0,1.0,1.0,1.0,1.0,1.0,1.0,1.0,0.9206149986000732,0.9585340585340585,0.9309366127699461,1.0,1.0,1.0,0.9168824791930852,1.0,0.9402268021833239,1.0
1.0,1.0,1.0,1.0,1.0,1.0,1.0,0.0,1.0,0.9042284332777291,1.0,0.9092005158353516,1.0,1.0,1.0,0.9767039635991249,1.0,1.0,1.0,1.0,1.0,1.0,1.0,1.0,1.0,1.0,1.0,1.0,1.0,1.0,1.0,1.0,0.9447772496600622,0.9553025393277259,0.9366781637240115,0.9055197402570591,0.9067888073291517,1.0,1.0,1.0,0.9365094866071428,1.0,1.0,1.0,1.0,1.0,1.0,1.0,1.0,1.0,0.8901508220850747,1.0,1.0,1.0,1.0,1.0,1.0,1.0,1.0,1.0,1.0,1.0,1.0,1.0,1.0,1.0,1.0,1.0,1.0,0.8939078976578977,1.0,1.0,0.9115825655825656,1.0,1.0,1.0,1.0,1.0,1.0,0.9110599189170618,0.8897796383510669,1.0,1.0,1.0,1.0,1.0,1.0,1.0,1.0,1.0,1.0,1.0,1.0,1.0,0.9390807228686017,1.0,1.0,1.0,1.0,0.9222635020931744,1.0,1.0,1.0,1.0,1.0,1.0,1.0,1.0,1.0,0.8917744832328166,1.0,1.0,1.0,1.0,0.9108279216244903,1.0,1.0,1.0,0.9853625541125541,1.0,1.0,1.0,1.0,1.0,0.9407134748931624,0.9305099497063782,0.948902575918705,1.0,1.0,1.0,1.0,1.0,1.0,1.0,1.0,0.9314958442231169,1.0,1.0,1.0,1.0,1.0,1.0,1.0,1.0,1.0,1.0,1.0,1.0,1.0,0.9264812766598481,0.9369609328579918,1.0,1.0,1.0,0.9588956954994691,1.0,1.0,1.0,1.0,1.0,1.0,1.0,1.0,1.0,1.0,1.0,0.9114129805789757,1.0,1.0,1.0,1.0,0.9201950707338639,1.0,1.0,1.0,1.0,1.0,1.0,1.0,1.0,1.0,1.0,1.0,1.0,1.0,1.0,1.0,1.0,1.0,1.0,1.0,1.0,1.0,1.0,1.0,1.0,1.0,0.9362936976218226,1.0,0.9552632552632553,1.0,1.0
1.0,1.0,1.0,1.0,1.0,1.0,1.0,1.0,0.0,1.0,0.947038831572346,1.0,0.878486617879475,1.0,0.8830610729580722,1.0,0.9184012974505932,0.8930403657189372,1.0,1.0,1.0,1.0,0.8736459184043726,1.0,1.0,1.0,1.0,1.0,1.0,1.0,1.0,1.0,1.0,1.0,1.0,1.0,1.0,1.0,1.0,1.0,1.0,1.0,1.0,1.0,0.912244411290464,1.0,0.9211780870407631,1.0,1.0,1.0,1.0,0.9278764969175928,1.0,1.0,1.0,1.0,1.0,1.0,1.0,1.0,1.0,1.0,1.0,1.0,1.0,1.0,1.0,1.0,1.0,1.0,0.8319576216172928,1.0,1.0,1.0,1.0,1.0,1.0,1.0,1.0,1.0,1.0,1.0,1.0,1.0,1.0,1.0,1.0,1.0,1.0,1.0,1.0,1.0,1.0,1.0,1.0,1.0,0.9602993356616545,1.0,1.0,1.0,1.0,1.0,1.0,1.0,1.0,1.0,1.0,1.0,1.0,1.0,0.9046274123480006,1.0,0.8563495758725896,1.0,1.0,1.0,1.0,0.9295487908968301,1.0,1.0,1.0,1.0,1.0,0.9470453459583894,1.0,1.0,1.0,0.883191963600908,1.0,1.0,1.0,1.0,1.0,1.0,1.0,1.0,1.0,1.0,1.0,1.0,1.0,1.0,1.0,1.0,1.0,1.0,1.0,1.0,1.0,1.0,1.0,1.0,1.0,1.0,1.0,1.0,1.0,1.0,1.0,1.0,1.0,1.0,1.0,1.0,1.0,1.0,1.0,1.0,1.0,1.0,1.0,1.0,1.0,0.8796925386288803,1.0,1.0,1.0,1.0,1.0,1.0,1.0,0.8991570409049401,0.862254381971644,1.0,1.0,1.0,1.0,1.0,1.0,1.0,1.0,1.0,1.0,1.0,1.0,1.0,1.0,1.0,1.0,1.0,1.0,1.0
1.0,1.0,1.0,1.0,1.0,1.0,1.0,0.9042284332777291,1.0,0.0,1.0,0.8640701644500653,1.0,1.0,1.0,0.9530331419466626,1.0,1.0,1.0,1.0,1.0,1.0,1.0,1.0,1.0,1.0,1.0,1.0,1.0,1.0,1.0,1.0,0.8985142152533457,0.9198161019992006,0.8991707546655026,0.8738647313626305,0.8864549446736533,1.0,1.0,1.0,0.9081542202576037,1.0,1.0,1.0,1.0,1.0,1.0,1.0,1.0,1.0,0.8680577205235616,1.0,1.0,1.0,1.0,1.0,1.0,1.0,1.0,1.0,1.0,1.0,1.0,1.0,1.0,1.0,1.0,1.0,1.0,0.8894185502579095,1.0,1.0,0.8657402523039779,1.0,1.0,1.0,1.0,1.0,1.0,0.9043760071742674,0.8991812566251163,1.0,1.0,1.0,1.0,1.0,1.0,1.0,1.0,1.0,1.0,1.0,1.0,1.0,0.900220892203035,1.0,1.0,1.0,1.0,0.8782673836420357,1.0,1.0,1.0,1.0,1.0,1.0,1.0,1.0,1.0,0.8900587824873539,1.0,1.0,1.0,1.0,0.826066650945362,1.0,1.0,1.0,0.930568582651916,1.0,1.0,1.0,1.0,1.0,0.9238347499061785,0.8752712124770948,0.9307797945396716,1.0,1.0,1.0,1.0,1.0,1.0,1.0,1.0,0.8978515640444212,1.0,1.0,1.0,1.0,1.0,1.0,1.0,1.0,1.0,1.0,1.0,1.0,1.0,0.8805288061170414,0.898420956798933,1.0,1.0,1.0,0.9523211805029986,1.0,1.0,1.0,1.0,1.0,1.0,1.0,1.0,1.0,1.0,1.0,0.8929004734880052,1.0,1.0,1.0,1.0,0.9220011547292025,1.0,1.0,1.0,1.0,1.0,1.0,1.0,1.0,1.0,1.0,1.0,1.0,1.0,1.0,1.0,1.0,1.0,1.0,1.0,1.0,1.0,1.0,1.0,1.0,1.0,0.8686768873117977,1.0,0.9485207982603816,1.0,1.0
1.0,1.0,1.0,1.0,1.0,1.0,1.0,1.0,0.947038831572346,1.0,0.0,1.0,0.9325355200355201,1.0,0.8958924035451415,1.0,0.9345819328241204,0.9323959415377325,1.0,1.0,1.0,1.0,0.9575945703439309,1.0,1.0,1.0,1.0,1.0,1.0,1.0,1.0,1.0,1.0,1.0,1.0,1.0,1.0,1.0,1.0,1.0,1.0,1.0,1.0,1.0,0.8911656519533232,1.0,0.9426670551670552,1.0,1.0,1.0,1.0,0.9011747122141144,1.0,1.0,1.0,1.0,1.0,1.0,1.0,1.0,1.0,1.0,1.0,1.0,1.0,1.0,1.0,1.0,1.0,1.0,0.9065051330524556,1.0,1.0,1.0,1.0,1.0,1.0,1.0,1.0,1.0,1.0,1.0,1.0,1.0,1.0,1.0,1.0,1.0,1.0,1.0,1.0,1.0,1.0,1.0,1.0,1.0,0.9425818686474424,1.0,1.0,1.0,1.0,1.0,1.0,1.0,1.0,1.0,1.0,1.0,1.0,1.0,0.9291722300996494,1.0,0.9105401290351949,1.0,1.0,1.0,1.0,0.9661762499653125,1.0,1.0,1.0,1.0,1.0,0.9463429417058449,1.0,1.0,1.0,0.9503525751765188,1.0,1.0,1.0,1.0,1.0,1.0,1.0,1.0,1.0,1.0,1.0,1.0,1.0,1.0,1.0,1.0,1.0,1.0,1.0,1.0,1.0,1.0,1.0,1.0,1.0,1.0,1.0,1.0,1.0,1.0,1.0,1.0,1.0,1.0,1.0,1.0,1.0,1.0,1.0,1.0,1.0,1.0,1.0,1.0,1.0,0.9269978625770325,1.0,1.0,1.0,1.0,1.0,1.0,1.0,0.9178034023142719,0.9198266264478757,1.0,1.0,1.0,1.0,1.0,1.0,1.0,1.0,1.0,1.0,1.0,1.0,1.0,1.0,1.0,1.0,1.0,1.0,1.0
1.0,1.0,1.0,1.0,1.0,1.0,1.0,0.9092005158353516,1.0,0.8640701644500653,1.0,0.0,1.0,1.0,1.0,0.933295591528288,1.0,1.0,1.0,1.0,1.0,1.0,1.0,1.0,1.0,1.0,1.0,1.0,1.0,1.0,1.0,1.0,0.8862973217168423,0.9005259197342849,0.8808683008311492,0.8341790772045675,0.8006578105118048,1.0,1.0,1.0,0.8990965522548491,1.0,1.0,1.0,1.0,1.0,1.0,1.0,1.0,1.0,0.8278525079250253,1.0,1.0,1.0,1.0,1.0,1.0,1.0,1.0,1.0,1.0,1.0,1.0,1.0,1.0,1.0,1.0,1.0,1.0,0.8408379445730637,1.0,1.0,0.8032385381023817,1.0,1.0,1.0,1.0,1.0,1.0,0.8950853781783269,0.8544381953454613,1.0,1.0,1.0,1.0,1.0,1.0,1.0,1.0,1.0,1.0,1.0,1.0,1.0,0.8939475211679159,1.0,1.0,1.0,1.0,0.7767386788080516,1.0,1.0,1.0,1.0,1.0,1.0,1.0,1.0,1.0,0.8650264222743583,1.0,1.0,1.0,1.0,0.7692754929567321,1.0,1.0,1.0,0.9160021255280808,1.0,1.0,1.0,1.0,1.0,0.9002410614592797,0.8309762066336742,0.9199768578261225,1.0,1.0,1.0,1.0,1.0,1.0,1.0,1.0,0.8445829426178111,1.0,1.0,1.0,1.0,1.0,1.0,1.0,1.0,1.0,1.0,1.0,1.0,1.0,0.8822243385408929,0.8661737147011914,1.0,1.0,1.0,0.9596220594740331,1.0,1.0,1.0,1.0,1.0,1.0,1.0,1.0,1.0,1.0,1.0,0.8432180525286632,1.0,1.0,1.0,1.0,0.9136085318328191,1.0,1.0,1.0,1.0,1.0,1.0,1.0,1.0,1.0,1.0,1.0,1.0,1.0,1.0,1.0,1.0,1.0,1.0,1.0,1.0,1.0,1.0,1.0,1.0,1.0,0.8677710806165151,1.0,0.9252420930598378,1.0,1.0
1.0,1.0,1.0,1.0,1.0,1.0,1.0,1.0,0.878486617879475,1.0,0.9325355200355201,1.0,0.0,1.0,0.9005248045011978,1.0,0.8685609673890924,0.9149190148087207,1.0,1.0,1.0,1.0,0.8993748475089055,1.0,1.0,1.0,1.0,1.0,1.0,1.0,1.0,1.0,1.0,1.0,1.0,1.0,1.0,1.0,1.0,1.0,1.0,1.0,1.0,1.0,0.8998255058614648,1.0,0.917690794448607,1.0,1.0,1.0,1.0,0.9056810601949491,1.0,1.0,1.0,1.0,1.0,1.0,1.0,1.0,1.0,1.0,1.0,1.0,1.0,1.0,1.0,1.0,1.0,1.0,0.8914098788055145,1.0,1.0,1.0,1.0,1.0,1.0,1.0,1.0,1.0,1.0,1.0,1.0,1.0,1.0,1.0,1.0,1.0,1.0,1.0,1.0,1.0,1.0,1.0,1.0,1.0,0.9258617724867725,1.0,1.0,1.0,1.0,1.0,1.0,1.0,1.0,1.0,1.0,1.0,1.0,1.0,0.9153381063381063,1.0,0.8825539448192163,1.0,1.0,1.0,1.0,0.9470708131737544,1.0,1.0,1.0,1.0,1.0,0.9636498178506375,1.0,1.0,1.0,0.9393030083655084,1.0,1.0,1.0,1.0,1.0,1.0,1.0,1.0,1.0,1.0,1.0,1.0,1.0,1.0,1.0,1.0,1.0,1.0,1.0,1.0,1.0,1.0,1.0,1.0,1.0,1.0,1.0,1.0,1.0,1.0,1.0,1.0,1.0,1.0,1.0,1.0,1.0,1.0,1.0,1.0,1.0,1.0,1.0,1.0,1.0,0.9136599212800893,1.0,1.0,1.0,1.0,1.0,1.0,1.0,0.8865727049366755,0.871075224526717,1.0,1.0,1.0,1.0,1.0,1.0,1.0,1.0,1.0,1.0,1.0,1.0,1.0,1.0,1.0,1.0,1.0,1.0,1.0
1.0,1.0,1.0,1.0,1.0,0.8717409677249343,1.0,1.0,1.0,1.0,1.0,1.0,1.0,0.0,1.0,1.0,1.0,1.0,0.807954572489967,0.8112052164585078,0.8091935433847198,0.9483307250912885,1.0,1.0,1.0,0.9438659563659564,0.8571332537401778,0.8938475641642308,1.0,1.0,1.0,0.8494881205587577,1.0,1.0,1.0,1.0,1.0,1.0,1.0,1.0,1.0,1.0,1.0,1.0,1.0,0.8491024116855819,1.0,0.8511990804515146,0.9544378981358148,0.8678453931430122,1.0,1.0,1.0,0.9453385576245166,0.8127615030258617,1.0,0.8525538358530802,1.0,1.0,1.0,1.0,1.0,1.0,1.0,1.0,1.0,1.0,1.0,1.0,1.0,1.0,0.9050866498529673,1.0,0.925274301315968,0.9037889036889037,1.0,0.8399059511316004,0.8905786157169457,1.0,1.0,1.0,0.8671958874498737,0.9211233817851465,1.0,1.0,0.8913089789399313,0.8013612316182346,1.0,0.8998446749329102,0.8607989206966338,1.0,1.0,1.0,0.8586151373560655,1.0,0.911017566966641,1.0,0.8663175520712285,1.0,1.0,0.8351904403032222,0.9231446104952721,0.8417353659683169,1.0,0.9364727219990377,0.8692949249383073,0.7918488197940098,0.8867815032373564,0.9173616087616088,1.0,1.0,1.0,1.0,1.0,1.0,1.0,0.8456086317435001,1.0,1.0,1.0,0.8642888055628928,1.0,0.8968861124964411,1.0,1.0,1.0,1.0,1.0,1.0,1.0,1.0,1.0,1.0,1.0,1.0,1.0,1.0,1.0,1.0,1.0,0.9536650455400455,1.0,1.0,1.0,1.0,1.0,1.0,1.0,1.0,1.0,1.0,1.0,1.0,1.0,1.0,1.0,1.0,1.0,1.0,1.0,1.0,1.0,1.0,1.0,1.0,1.0,1.0,1.0,0.8585630775809348,1.0,1.0,1.0,1.0,1.0,0.9701028431662234,1.0,1.0,1.0,1.0,0.9185955397342384,0.8374641835712098,1.0,1.0,0.795192725955216,1.0,1.0,0.8710178856070799,1.0,1.0,1.0,1.0,1.0,1.0,1.0,1.0,1.0,1.0,1.0,1.0,1.0,1.0,1.0
1.0,1.0,1.0,1.0,1.0,1.0,1.0,1.0,0.8830610729580722,1.0,0.8958924035451415,1.0,0.9005248045011978,1.0,0.0,1.0,0.92532249832872,0.8746319413471214,1.0,1.0,1.0,1.0,0.9122847786426854,1.0,1.0,1.0,1.0,1.0,1.0,1.0,1.0,1.0,1.0,1.0,1.0,1.0,1.0,1.0,1.0,1.0,1.0,1.0,1.0,1.0,0.8289106771507968,1.0,0.8825426386479018,1.0,1.0,1.0,1.0,0.8989114166847806,1.0,1.0,1.0,1.0,1.0,1.0,1.0,1.0,1.0,1.0,1.0,1.0,1.0,1.0,1.0,1.0,1.0,1.0,0.8260338444307098,1.0,1.0,1.0,1.0,1.0,1.0,1.0,1.0,1.0,1.0,1.0,1.0,1.0,1.0,1.0,1.0,1.0,1.0,1.0,1.0,1.0,1.0,1.0,1.0,1.0,0.9148766779439048,1.0,1.0,1.0,1.0,1.0,1.0,1.0,1.0,1.0,1.0,1.0,1.0,1.0,0.8906052151517377,1.0,0.8168828467980004,1.0,1.0,1.0,1.0,0.9266601798310741,1.0,1.0,1.0,1.0,1.0,0.9440629522226744,1.0,1.0,1.0,0.9151856117058322,1.0,1.0,1.0,1.0,1.0,1.0,1.0,1.0,1.0,1.0,1.0,1.0,1.0,1.0,1.0,1.0,1.0,1.0,1.0,1.0,1.0,1.0,1.0,1.0,1.0,1.0,1.0,1.0,1.0,1.0,1.0,1.0,1.0,1.0,1.0,1.0,1.0,1.0,1.0,1.0,1.0,1.0,1.0,1.0,1.0,0.8712755513278766,1.0,1.0,1.0,1.0,1.0,1.0,1.0,0.8452720132606975,0.893758643058363,1.0,1.0,1.0,1.0,1.0,1.0,1.0,1.0,1.0,1.0,1.0,1.0,1.0,1.0,1.0,1.0,1.0,1.0,1.0
1.0,1.0,1.0,1.0,1.0,1.0,1.0,0.9767039635991249,1.0,0.9530331419466626,1.0,0.933295591528288,1.0,1.0,1.0,0.0,1.0,1.0,1.0,1.0,1.0,1.0,1.0,1.0,1.0,1.0,1.0,1.0,1.0,1.0,1.0,1.0,0.9305213608492297,0.959557945041816,0.9161836620169953,0.9331890191738677,0.9482427349697087,1.0,1.0,1.0,0.9496581196581196,1.0,1.0,1.0,1.0,1.0,1.0,1.0,1.0,1.0,0.9230073299716157,1.0,1.0,1.0,1.0,1.0,1.0,1.0,1.0,1.0,1.0,1.0,1.0,1.0,1.0,1.0,1.0,1.0,1.0,0.9330839651491826,1.0,1.0,0.905161127582346,1.0,1.0,1.0,1.0,1.0,1.0,0.9289600550964188,0.9056940581588468,1.0,1.0,1.0,1.0,1.0,1.0,1.0,1.0,1.0,1.0,1.0,1.0,1.0,0.9672924297924298,1.0,1.0,1.0,1.0,0.9396566263152801,1.0,1.0,1.0,1.0,1.0,1.0,1.0,1.0,1.0,0.9335622486832165,1.0,1.0,1.0,1.0,0.9406825728193375,1.0,1.0,1.0,0.9251153039832285,1.0,1.0,1.0,1.0,1.0,0.970813291646625,0.9351955165335447,0.9558309523809524,1.0,1.0,1.0,1.0,1.0,1.0,1.0,1.0,0.9493561883442836,1.0,1.0,1.0,1.0,1.0,1.0,1.0,1.0,1.0,1.0,1.0,1.0,1.0,0.92734385420835,0.9396629534887111,1.0,1.0,1.0,0.9683455433455433,1.0,1.0,1.0,1.0,1.0,1.0,1.0,1.0,1.0,1.0,1.0,0.9441741936580489,1.0,1.0,1.0,1.0,0.9573859892312273,1.0,1.0,1.0,1.0,1.0,1.0,1.0,1.0,1.0,1.0,1.0,1.0,1.0,1.0,1.0,1.0,1.0,1.0,1.0,1.0,1.0,1.0,1.0,1.0,1.0,0.9521805355138688,1.0,0.943146122882965,1.0,1.0
1.0,1.0,1.0,1.0,1.0,1.0,1.0,1.0,0.9184012974505932,1.0,0.9345819328241204,1.0,0.8685609673890924,1.0,0.92532249832872,1.0,0.0,0.864484972492785,1.0,1.0,1.0,1.0,0.9452851295242599,1.0,1.0,1.0,1.0,1.0,1.0,1.0,1.0,1.0,1.0,1.0,1.0,1.0,1.0,1.0,1.0,1.0,1.0,1.0,1.0,1.0,0.9276963584255251,1.0,0.9517876273558091,1.0,1.0,1.0,1.0,0.9281934483427021,1.0,1.0,1.0,1.0,1.0,1.0,1.0,1.0,1.0,1.0,1.0,1.0,1.0,1.0,1.0,1.0,1.0,1.0,0.9050685183441025,1.0,1.0,1.0,1.0,1.0,1.0,1.0,1.0,1.0,1.0,1.0,1.0,1.0,1.0,1.0,1.0,1.0,1.0,1.0,1.0,1.0,1.0,1.0,1.0,1.0,0.945461729889696,1.0,1.0,1.0,1.0,1.0,1.0,1.0,1.0,1.0,1.0,1.0,1.0,1.0,0.9385753818130868,1.0,0.9302027075872287,1.0,1.0,1.0,1.0,0.9294623154623154,1.0,1.0,1.0,1.0,1.0,0.9677191840277778,1.0,1.0,1.0,0.9485715582529308,1.0,1.0,1.0,1.0,1.0,1.0,1.0,1.0,1.0,1.0,1.0,1.0,1.0,1.0,1.0,1.0,1.0,1.0,1.0,1.0,1.0,1.0,1.0,1.0,1.0,1.0,1.0,1.0,1.0,1.0,1.0,1.0,1.0,1.0,1.0,1.0,1.0,1.0,1.0,1.0,1.0,1.0,1.0,1.0,1.0,0.9116136939252101,1.0,1.0,1.0,1.0,1.0,1.0,1.0,0.9034264450309226,0.9264364661103792,1.0,1.0,1.0,1.0,1.0,1.0,1.0,1.0,1.0,1.0,1.0,1.0,1.0,1.0,1.0,1.0,1.0,1.0,1.0
1.0,1.0,1.0,1.0,1.0,1.0,1.0,1.0,0.8930403657189372,1.0,0.9323959415377325,1.0,0.9149190148087207,1.0,0.8746319413471214,1.0,0.864484972492785,0.0,1.0,1.0,1.0,1.0,0.9428042075247044,1.0,1.0,1.0,1.0,1.0,1.0,1.0,1.0,1.0,1.0,1.0,1.0,1.0,1.0,1.0,1.0,1.0,1.0,1.0,1.0,1.0,0.896027553927554,1.0,0.9491726971204584,1.0,1.0,1.0,1.0,0.9181331805607168,1.0,1.0,1.0,1.0,1.0,1.0,1.0,1.0,1.0,1.0,1.0,1.0,1.0,1.0,1.0,1.0,1.0,1.0,0.8782994642102802,1.0,1.0,1.0,1.0,1.0,1.0,1.0,1.0,1.0,1.0,1.0,1.0,1.0,1.0,1.0,1.0,1.0,1.0,1.0,1.0,1.0,1.0,1.0,1.0,1.0,0.9256065260903971,1.0,1.0,1.0,1.0,1.0,1.0,1.0,1.0,1.0,1.0,1.0,1.0,1.0,0.9289769908910535,1.0,0.8912716137109842,1.0,1.0,1.0,1.0,0.9279977007638072,1.0,1.0,1.0,1.0,1.0,0.9293213432326336,1.0,1.0,1.0,0.936413514006469,1.0,1.0,1.0,1.0,1.0,1.0,1.0,1.0,1.0,1.0,1.0,1.0,1.0,1.0,1.0,1.0,1.0,1.0,1.0,1.0,1.0,1.0,1.0,1.0,1.0,1.0,1.0,1.0,1.0,1.0,1.0,1.0,1.0,1.0,1.0,1.0,1.0,1.0,1.0,1.0,1.0,1.0,1.0,1.0,1.0,0.8906871885495075,1.0,1.0,1.0,1.0,1.0,1.0,1.0,0.9190852441209585,0.9074595722483046,1.0,1.0,1.0,1.0,1.0,1.0,1.0,1.0,1.0,1.0,1.0,1.0,1.0,1.0,1.0,1.0,1.0,1.0,1.0
1.0,1.0,1.0,1.0,1.0,0.873012863791695,1.0,1.0,1.0,1.0,1.0,1.0,1.0,0.807954572489967,1.0,1.0,1.0,1.0,0.0,0.8349950440865433,0.8002871673511208,0.9576611702138018,1.0,1.0,1.0,0.9062546884421885,0.86789549370806,0.8954580982990074,1.0,1.0,1.0,0.8684947263062588,1.0,1.0,1.0,1.0,1.0,1.0,1.0,1.0,1.0,1.0,1.0,1.0,1.0,0.8596181518097104,1.0,0.8238536596562761,0.9469214985662354,0.8377438052688053,1.0,1.0,1.0,0.9332823120224334,0.8118514752706831,1.0,0.8290337548616961,1.0,1.0,1.0,1.0,1.0,1.0,1.0,1.0,1.0,1.0,1.0,1.0,1.0,1.0,0.8880240382789725,1.0,0.909357424121356,0.8535318702739756,1.0,0.7665409121396928,0.9258788501946397,1.0,1.0,1.0,0.8721386419161431,0.8888772349874134,1.0,1.0,0.8592519414065467,0.7941555179675392,1.0,0.8944731672466967,0.8326251512918212,1.0,1.0,1.0,0.815577696890722,1.0,0.9112035081272831,1.0,0.8579368982734837,1.0,1.0,0.7969174153050003,0.903101501258364,0.8202537550226405,1.0,0.8804790677382746,0.862463751390222,0.7379927242591717,0.9216030625076678,0.886361012703019,1.0,1.0,1.0,1.0,1.0,1.0,1.0,0.8129872974157903,1.0,1.0,1.0,0.834249848022917,1.0,0.9081289779398332,1.0,1.0,1.0,1.0,1.0,1.0,1.0,1.0,1.0,1.0,1.0,1.0,1.0,1.0,1.0,1.0,1.0,0.9392884266944417,1.0,1.0,1.0,1.0,1.0,1.0,1.0,1.0,1.0,1.0,1.0,1.0,1.0,1.0,1.0,1.0,1.0,1.0,1.0,1.0,1.0,1.0,1.0,1.0,1.0,1.0,1.0,0.8774137506576893,1.0,1.0,1.0,1.0,1.0,0.9517841402709823,1.0,1.0,1.0,1.0,0.9158989622450495,0.8492035872083381,1.0,1.0,0.8471345034496309,1.0,1.0,0.8333701746874518,1.0,1.0,1.0,1.0,1.0,1.0,1.0,1.0,1.0,1.0,1.0,1.0,1.0,1.0,1.0
1.0,1.0,1.0,1.0,1.0,0.8871994318450949,1.0,1.0,1.0,1.0,1.0,1.0,1.0,0.8112052164585078,1.0,1.0,1.0,1.0,0.8349950440865433,0.0,0.8518319944285018,0.9590916753230186,1.0,1.0,1.0,0.9302900883335666,0.8768645502101384,0.8871367630450417,1.0,1.0,1.0,0.8584779485692727,1.0,1.0,1.0,1.0,1.0,1.0,1.0,1.0,1.0,1.0,1.0,1.0,1.0,0.8757027655985989,1.0,0.8598026366800554,0.9324239400731938,0.8518061825740397,1.0,1.0,1.0,0.9312335567482626,0.8333405611608673,1.0,0.8620288883805841,1.0,1.0,1.0,1.0,1.0,1.0,1.0,1.0,1.0,1.0,1.0,1.0,1.0,1.0,0.9251556844004761,1.0,0.9051690868655154,0.8405986411602353,1.0,0.8258398402323315,0.9389881656186004,1.0,1.0,1.0,0.8788379003063214,0.9067301587301587,1.0,1.0,0.8569204287775716,0.8175545003314948,1.0,0.9328719570039015,0.8662597514914046,1.0,1.0,1.0,0.870575583868582,1.0,0.9150575305626456,1.0,0.8616906783788331,1.0,1.0,0.8221898634775957,0.9463225068910653,0.8545161338280346,1.0,0.9293386386696246,0.8851172934208649,0.7967502376626857,0.938421502748642,0.9154449716949717,1.0,1.0,1.0,1.0,1.0,1.0,1.0,0.8610566432156022,1.0,1.0,1.0,0.81991297668381,1.0,0.8875082719568014,1.0,1.0,1.0,1.0,1.0,1.0,1.0,1.0,1.0,1.0,1.0,1.0,1.0,1.0,1.0,1.0,1.0,0.929062944570191,1.0,1.0,1.0,1.0,1.0,1.0,1.0,1.0,1.0,1.0,1.0,1.0,1.0,1.0,1.0,1.0,1.0,1.0,1.0,1.0,1.0,1.0,1.0,1.0,1.0,1.0,1.0,0.8856953373272818,1.0,1.0,1.0,1.0,1.0,0.9430015246191716,1.0,1.0,1.0,1.0,0.9103044030580263,0.845218199004431,1.0,1.0,0.8732046105474792,1.0,1.0,0.8698569366026108,1.0,1.0,1.0,1.0,1.0,1.0,1.0,1.0,1.0,1.0,1.0,1.0,1.0,1.0,1.0
1.0,1.0,1.0,1.0,1.0,0.8550367147651552,1.0,1.0,1.0,1.0,1.0,1.0,1.0,0.8091935433847198,1.0,1.0,1.0,1.0,0.8002871673511208,0.8518319944285018,0.0,0.9639679042022792,1.0,1.0,1.0,0.9090537390169743,0.8551124753246907,0.9140364548846691,1.0,1.0,1.0,0.8486685496468105,1.0,1.0,1.0,1.0,1.0,1.0,1.0,1.0,1.0,1.0,1.0,1.0,1.0,0.8754034389571241,1.0,0.8434521642895288,0.9248732858470128,0.8550889298802459,1.0,1.0,1.0,0.9383461340247055,0.8485366782936228,1.0,0.8511715503611734,1.0,1.0,1.0,1.0,1.0,1.0,1.0,1.0,1.0,1.0,1.0,1.0,1.0,1.0,0.8579527644826153,1.0,0.8721032493147878,0.8655429266500695,1.0,0.8290445626703966,0.9138335804407233,1.0,1.0,1.0,0.9006448131242539,0.9045392959161075,1.0,1.0,0.8621580805735736,0.8314202205840959,1.0,0.9253991557506868,0.8583895438967903,1.0,1.0,1.0,0.8636632274520653,1.0,0.9263973129497156,1.0,0.8987524608319969,1.0,1.0,0.829157901032901,0.9259324909519546,0.8355295155966511,1.0,0.9095423738902,0.8961343622655924,0.7739878228075695,0.9134486842522557,0.9262187062187062,1.0,1.0,1.0,1.0,1.0,1.0,1.0,0.84952439424186,1.0,1.0,1.0,0.8628051145733319,1.0,0.9036707128179398,1.0,1.0,1.0,1.0,1.0,1.0,1.0,1.0,1.0,1.0,1.0,1.0,1.0,1.0,1.0,1.0,1.0,0.9657437702583578,1.0,1.0,1.0,1.0,1.0,1.0,1.0,1.0,1.0,1.0,1.0,1.0,1.0,1.0,1.0,1.0,1.0,1.0,1.0,1.0,1.0,1.0,1.0,1.0,1.0,1.0,1.0,0.902115033621883,1.0,1.0,1.0,1.0,1.0,0.9357724885068636,1.0,1.0,1.0,1.0,0.9026103076368871,0.8447384706451607,1.0,1.0,0.8090678372967375,1.0,1.0,0.8842890464678297,1.0,1.0,1.0,1.0,1.0,1.0,1.0,1.0,1.0,1.0,1.0,1.0,1.0,1.0,1.0
1.0,1.0,1.0,1.0,1.0,0.9627462735221356,1.0,1.0,1.0,1.0,1.0,1.0,1.0,0.9483307250912885,1.0,1.0,1.0,1.0,0.9576611702138018,0.9590916753230186,0.9639679042022792,0.0,1.0,1.0,1.0,0.9427097505668934,0.958427364984742,0.9602701118326118,1.0,1.0,1.0,0.9300299768537473,1.0,1.0,1.0,1.0,1.0,1.0,1.0,1.0,1.0,1.0,1.0,1.0,1.0,0.978483354752886,1.0,0.9451492405485461,0.9630988325281804,0.9125685425685426,1.0,1.0,1.0,0.958963955026455,0.9216844349680171,1.0,0.9652692880912578,1.0,1.0,1.0,1.0,1.0,1.0,1.0,1.0,1.0,1.0,1.0,1.0,1.0,1.0,0.9394988242210465,1.0,0.9053221288515406,0.9612662643382982,1.0,0.9547857142857142,0.9758766233766234,1.0,1.0,1.0,0.9690257352941176,0.9349955908289241,1.0,1.0,0.9669982134267848,0.9531881248496156,1.0,0.9648854617604617,0.9610164167951053,1.0,1.0,1.0,0.9520159560090116,1.0,0.9412906804733728,1.0,0.9540304712923761,1.0,1.0,0.9633949191240858,0.9620118570765123,0.941446606778638,1.0,0.9439062177901464,0.946935495060495,0.9422863122863123,0.9583949007677821,0.9722237723214285,1.0,1.0,1.0,1.0,1.0,1.0,1.0,0.9522837660705308,1.0,1.0,1.0,0.9729907012556266,1.0,0.962925729962767,1.0,1.0,1.0,1.0,1.0,1.0,1.0,1.0,1.0,1.0,1.0,1.0,1.0,1.0,1.0,1.0,1.0,0.9788995726495726,1.0,1.0,1.0,1.0,1.0,1.0,1.0,1.0,1.0,1.0,1.0,1.0,1.0,1.0,1.0,1.0,1.0,1.0,1.0,1.0,1.0,1.0,1.0,1.0,1.0,1.0,1.0,0.9614652101370851,1.0,1.0,1.0,1.0,1.0,0.9022098765432098,1.0,1.0,1.0,1.0,0.9549640610961365,0.9662187200493653,1.0,1.0,0.9553305876222543,1.0,1.0,0.9491323103419878,1.0,1.0,1.0,1.0,1.0,1.0,1.0,1.0,1.0,1.0,1.0,1.0,1.0,1.0,1.0
1.0,1.0,1.0,1.0,1.0,1.0,1.0,1.0,0.8736459184043726,1.0,0.9575945703439309,1.0,0.8993748475089055,1.0,0.9122847786426854,1.0,0.9452851295242599,0.9428042075247044,1.0,1.0,1.0,1.0,0.0,1.0,1.0,1.0,1.0,1.0,1.0,1.0,1.0,1.0,1.0,1.0,1.0,1.0,1.0,1.0,1.0,1.0,1.0,1.0,1.0,1.0,0.9305293822339277,1.0,0.9040264137365587,1.0,1.0,1.0,1.0,0.9493638819323751,1.0,1.0,1.0,1.0,1.0,1.0,1.0,1.0,1.0,1.0,1.0,1.0,1.0,1.0,1.0,1.0,1.0,1.0,0.8754575027741829,1.0,1.0,1.0,1.0,1.0,1.0,1.0,1.0,1.0,1.0,1.0,1.0,1.0,1.0,1.0,1.0,1.0,1.0,1.0,1.0,1.0,1.0,1.0,1.0,1.0,0.9503859669904446,1.0,1.0,1.0,1.0,1.0,1.0,1.0,1.0,1.0,1.0,1.0,1.0,1.0,0.9377160705518914,1.0,0.8880111128013655,1.0,1.0,1.0,1.0,0.9594620744568223,1.0,1.0,1.0,1.0,1.0,0.9549341206057624,1.0,1.0,1.0,0.9260693644255288,1.0,1.0,1.0,1.0,1.0,1.0,1.0,1.0,1.0,1.0,1.0,1.0,1.0,1.0,1.0,1.0,1.0,1.0,1.0,1.0,1.0,1.0,1.0,1.0,1.0,1.0,1.0,1.0,1.0,1.0,1.0,1.0,1.0,1.0,1.0,1.0,1.0,1.0,1.0,1.0,1.0,1.0,1.0,1.0,1.0,0.8859274490524491,1.0,1.0,1.0,1.0,1.0,1.0,1.0,0.9333602521816807,0.9111246040593867,1.0,1.0,1.0,1.0,1.0,1.0,1.0,1.0,1.0,1.0,1.0,1.0,1.0,1.0,1.0,1.0,1.0,1.0,1.0
1.0,1.0,1.0,1.0,1.0,1.0,1.0,1.0,1.0,1.0,1.0,1.0,1.0,1.0,1.0,1.0,1.0,1.0,1.0,1.0,1.0,1.0,1.0,0.0,0.9277247661050478,1.0,1.0,1.0,1.0,1.0,1.0,1.0,1.0,1.0,1.0,1.0,1.0,1.0,1.0,1.0,1.0,1.0,1.0,1.0,1.0,1.0,1.0,1.0,1.0,1.0,1.0,1.0,1.0,1.0,1.0,0.9406388056388056,1.0,0.9149767037826739,1.0,1.0,1.0,1.0,1.0,1.0,1.0,1.0,1.0,1.0,1.0,1.0,1.0,1.0,1.0,1.0,1.0,1.0,1.0,1.0,1.0,1.0,1.0,1.0,1.0,1.0,0.9599208038903589,1.0,1.0,0.960409604519774,1.0,1.0,1.0,1.0,1.0,1.0,1.0,1.0,1.0,1.0,1.0,1.0,1.0,1.0,1.0,1.0,1.0,1.0,1.0,1.0,1.0,1.0,1.0,1.0,1.0,1.0,1.0,1.0,1.0,1.0,1.0,1.0,1.0,0.8983032708032708,1.0,1.0,1.0,1.0,1.0,1.0,1.0,1.0,1.0,1.0,1.0,1.0,1.0,1.0,1.0,1.0,1.0,1.0,1.0,1.0,1.0,1.0,1.0,1.0,1.0,1.0,1.0,1.0,1.0,1.0,1.0,1.0,1.0,1.0,1.0,1.0,0.9495067175974711,1.0,1.0,1.0,1.0,1.0,1.0,1.0,1.0,1.0,1.0,1.0,1.0,1.0,1.0,1.0,1.0,0.9081092679709564,1.0,1.0,1.0,1.0,1.0,1.0,1.0,1.0,1.0,1.0,1.0,1.0,1.0,1.0,0.9693284008760199,1.0,1.0,1.0,1.0,1.0,1.0,1.0,1.0,1.0,1.0,0.9283597481600115
1.0,1.0,1.0,1.0,1.0,1.0,1.0,1.0,1.0,1.0,1.0,1.0,1.0,1.0,1.0,1.0,1.0,1.0,1.0,1.0,1.0,1.0,1.0,0.9277247661050478,0.0,1.0,1.0,1.0,1.0,1.0,1.0,1.0,1.0,1.0,1.0,1.0,1.0,1.0,1.0,1.0,1.0,1.0,1.0,1.0,1.0,1.0,1.0,1.0,1.0,1.0,1.0,1.0,1.0,1.0,1.0,0.9251492877666586,1.0,0.9061742639207427,1.0,1.0,1.0,1.0,1.0,1.0,1.0,1.0,1.0,1.0,1.0,1.0,1.0,1.0,1.0,1.0,1.0,1.0,1.0,1.0,1.0,1.0,1.0,1.0,1.0,1.0,0.9392443359110026,1.0,1.0,0.9541932075860647,1.0,1.0,1.0,1.0,1.0,1.0,1.0,1.0,1.0,1.0,1.0,1.0,1.0,1.0,1.0,1.0,1.0,1.0,1.0,1.0,1.0,1.0,1.0,1.0,1.0,1.0,1.0,1.0,1.0,1.0,1.0,1.0,1.0,0.902079495960093,1.0,1.0,1.0,1.0,1.0,1.0,1.0,1.0,1.0,1.0,1.0,1.0,1.0,1.0,1.0,1.0,1.0,1.0,1.0,1.0,1.0,1.0,1.0,1.0,1.0,1.0,1.0,1.0,1.0,1.0,1.0,1.0,1.0,1.0,1.0,1.0,0.8743607172887995,1.0,1.0,1.0,1.0,1.0,1.0,1.0,1.0,1.0,1.0,1.0,1.0,1.0,1.0,1.0,1.0,0.8592076900519883,1.0,1.0,1.0,1.0,1.0,1.0,1.0,1.0,1.0,1.0,1.0,1.0,1.0,1.0,0.9447214023350387,1.0,1.0,1.0,1.0,1.0,1.0,1.0,1.0,1.0,1.0,0.9277618040762882
1.0,1.0,1.0,1.0,1.0,0.9271953367145674,1.0,1.0,1.0,1.0,1.0,1.0,1.0,0.9438659563659564,1.0,1.0,1.0,1.0,0.9062546884421885,0.9302900883335666,0.9090537390169743,0.9427097505668934,1.0,1.0,1.0,0.0,0.9329411539638812,0.9618145743145743,1.0,1.0,1.0,0.9356023992591157,1.0,1.0,1.0,1.0,1.0,1.0,1.0,1.0,1.0,1.0,1.0,1.0,1.0,0.940748093827804,1.0,0.9291098291098291,0.9264948314716833,0.9096910269217962,1.0,1.0,1.0,0.9184885939803973,0.9208495961710247,1.0,0.8961910063641665,1.0,1.0,1.0,1.0,1.0,1.0,1.0,1.0,1.0,1.0,1.0,1.0,1.0,1.0,0.9336559796237216,1.0,0.9205835655404622,0.8970875696883762,1.0,0.9112030278618625,0.9349808092635962,1.0,1.0,1.0,0.9131502327038041,0.9374494411061576,1.0,1.0,0.9241763051763052,0.8842931911593883,1.0,0.9483450007703739,0.9101024116175631,1.0,1.0,1.0,0.9126390985980027,1.0,0.9247998768472906,1.0,0.941263169020522,1.0,1.0,0.8927931282966005,0.9230927599879213,0.9225907341816433,1.0,0.9342135247872952,0.9186440159167432,0.8991843752584299,0.9484121948839691,0.9188715039300976,1.0,1.0,1.0,1.0,1.0,1.0,1.0,0.9179257264644589,1.0,1.0,1.0,0.920640589569161,1.0,0.9496467883967884,1.0,1.0,1.0,1.0,1.0,1.0,1.0,1.0,1.0,1.0,1.0,1.0,1.0,1.0,1.0,1.0,1.0,0.9742111592111592,1.0,1.0,1.0,1.0,1.0,1.0,1.0,1.0,1.0,1.0,1.0,1.0,1.0,1.0,1.0,1.0,1.0,1.0,1.0,1.0,1.0,1.0,1.0,1.0,1.0,1.0,1.0,0.9410981887101291,1.0,1.0,1.0,1.0,1.0,0.9120960486701227,1.0,1.0,1.0,1.0,0.9400873488988243,0.9408435783987255,1.0,1.0,0.9379691370184328,1.0,1.0,0.9432952879652015,1.0,1.0,1.0,1.0,1.0,1.0,1.0,1.0,1.0,1.0,1.0,1.0,1.0,1.0,1.0
1.0,1.0,1.0,1.0,1.0,0.9018152659943705,1.0,1.0,1.0,1.0,1.0,1.0,1.0,0.8571332537401778,1.0,1.0,1.0,1.0,0.86789549370806,0.8768645502101384,0.8551124753246907,0.958427364984742,1.0,1.0,1.0,0.9329411539638812,0.0,0.8791979160545337,1.0,1.0,1.0,0.9191958419775321,1.0,1.0,1.0,1.0,1.0,1.0,1.0,1.0,1.0,1.0,1.0,1.0,1.0,0.8485357142857143,1.0,0.8774927520475466,0.9275445161229475,0.8541198612368385,1.0,1.0,1.0,0.9371073167029049,0.8947130824160651,1.0,0.885562564017533,1.0,1.0,1.0,1.0,1.0,1.0,1.0,1.0,1.0,1.0,1.0,1.0,1.0,1.0,0.901765672599006,1.0,0.9381451231060606,0.8943865421477362,1.0,0.8592387747691669,0.8911379478839796,1.0,1.0,1.0,0.8897385253635254,0.9440268228503522,1.0,1.0,0.8886110743831332,0.8734415426397699,1.0,0.9233239113520804,0.8794287993151629,1.0,1.0,1.0,0.8564764091902249,1.0,0.9388678266178266,1.0,0.9165152647942503,1.0,1.0,0.9003906071998178,0.9186703342953343,0.8725659763612662,1.0,0.9074946377976681,0.9059937486024443,0.8687185126185367,0.9221798260023707,0.8872840802987862,1.0,1.0,1.0,1.0,1.0,1.0,1.0,0.8956515956515956,1.0,1.0,1.0,0.8781848140122788,1.0,0.8972828213453213,1.0,1.0,1.0,1.0,1.0,1.0,1.0,1.0,1.0,1.0,1.0,1.0,1.0,1.0,1.0,1.0,1.0,0.9408023313492063,1.0,1.0,1.0,1.0,1.0,1.0,1.0,1.0,1.0,1.0,1.0,1.0,1.0,1.0,1.0,1.0,1.0,1.0,1.0,1.0,1.0,1.0,1.0,1.0,1.0,1.0,1.0,0.8891288663027793,1.0,1.0,1.0,1.0,1.0,0.9254775356470272,1.0,1.0,1.0,1.0,0.9363848232895852,0.8682497104885164,1.0,1.0,0.8464534492614203,1.0,1.0,0.9263622019514877,1.0,1.0,1.0,1.0,1.0,1.0,1.0,1.0,1.0,1.0,1.0,1.0,1.0,1.0,1.0
1.0,1.0,1.0,1.0,1.0,0.9474751884340925,1.0,1.0,1.0,1.0,1.0,1.0,1.0,0.8938475641642308,1.0,1.0,1.0,1.0,0.8954580982990074,0.8871367630450417,0.9140364548846691,0.9602701118326118,1.0,1.0,1.0,0.9618145743145743,0.8791979160545337,0.0,1.0,1.0,1.0,0.9178839565481722,1.0,1.0,1.0,1.0,1.0,1.0,1.0,1.0,1.0,1.0,1.0,1.0,1.0,0.8994299334924335,1.0,0.9219717440848394,0.9556664772130691,0.9047071277705081,1.0,1.0,1.0,0.9613747967008837,0.8925997657777255,1.0,0.902070492664054,1.0,1.0,1.0,1.0,1.0,1.0,1.0,1.0,1.0,1.0,1.0,1.0,1.0,1.0,0.9529064343324907,1.0,0.9671067738231918,0.933468934388052,1.0,0.8699760421001714,0.9429682333002646,1.0,1.0,1.0,0.894197619179762,0.9484956622818942,1.0,1.0,0.9053344434685014,0.9031741774737131,1.0,0.9316858141858142,0.9110021151687818,1.0,1.0,1.0,0.8894234498792769,1.0,0.8992767060749517,1.0,0.9243692633994358,1.0,1.0,0.9247914333141606,0.9205756401408576,0.924399500962001,1.0,0.9141113447083596,0.9172878061481002,0.8918350184203235,0.9222924297924298,0.8568991656491657,1.0,1.0,1.0,1.0,1.0,1.0,1.0,0.8682472033022424,1.0,1.0,1.0,0.9197676625758817,1.0,0.9189216256380436,1.0,1.0,1.0,1.0,1.0,1.0,1.0,1.0,1.0,1.0,1.0,1.0,1.0,1.0,1.0,1.0,1.0,0.9508790283790284,1.0,1.0,1.0,1.0,1.0,1.0,1.0,1.0,1.0,1.0,1.0,1.0,1.0,1.0,1.0,1.0,1.0,1.0,1.0,1.0,1.0,1.0,1.0,1.0,1.0,1.0,1.0,0.9168815708101422,1.0,1.0,1.0,1.0,1.0,0.9264028534189824,1.0,1.0,1.0,1.0,0.9311380714365789,0.9217845910703053,1.0,1.0,0.9153790721238638,1.0,1.0,0.9337649707770432,1.0,1.0,1.0,1.0,1.0,1.0,1.0,1.0,1.0,1.0,1.0,1.0,1.0,1.0,1.0
1.0,1.0,1.0,1.0,1.0,1.0,0.8839878565062389,1.0,1.0,1.0,1.0,1.0,1.0,1.0,1.0,1.0,1.0,1.0,1.0,1.0,1.0,1.0,1.0,1.0,1.0,1.0,1.0,1.0,0.0,0.9315389924085576,0.8641745343675169,1.0,1.0,1.0,1.0,1.0,1.0,1.0,1.0,1.0,1.0,1.0,1.0,1.0,1.0,1.0,1.0,1.0,1.0,1.0,1.0,1.0,1.0,1.0,1.0,1.0,1.0,1.0,1.0,1.0,0.8905068670693671,0.8882022263190026,1.0,1.0,0.8844370920671005,1.0,1.0,1.0,1.0,1.0,1.0,1.0,1.0,1.0,1.0,1.0,1.0,1.0,0.9723926894701542,1.0,1.0,1.0,1.0,1.0,1.0,1.0,1.0,1.0,1.0,1.0,1.0,1.0,1.0,1.0,1.0,1.0,1.0,1.0,0.9368724780696611,1.0,1.0,1.0,1.0,1.0,1.0,1.0,1.0,1.0,1.0,1.0,1.0,0.9389305640347307,1.0,0.9822556800497977,1.0,1.0,1.0,1.0,1.0,1.0,1.0,1.0,1.0,1.0,1.0,1.0,1.0,1.0,1.0,0.8519066694066695,0.8687069090893619,1.0,1.0,1.0,0.9416889698139698,1.0,1.0,0.9034601557778641,0.9052507455507456,0.8591679885178602,1.0,0.8100681580764915,0.8538032679401727,0.9002780627780628,1.0,0.8840098181879004,1.0,0.8651002526814215,0.887435798624034,1.0,1.0,1.0,0.935487012987013,1.0,1.0,1.0,0.9219529547930283,1.0,1.0,1.0,0.8967609005109005,0.8627061635454494,1.0,1.0,1.0,1.0,1.0,0.8771453570305303,1.0,1.0,1.0,1.0,1.0,1.0,1.0,1.0,1.0,1.0,0.7996932121618396,1.0,1.0,1.0,1.0,1.0,1.0,1.0,1.0,1.0,1.0,1.0,1.0,1.0,0.9299141929499072,0.9719116632160111,0.9254434468496968,1.0,1.0,1.0,0.9368130500172753,1.0,0.9112646084074656,1.0
1.0,1.0,1.0,1.0,1.0,1.0,0.9585973370064279,1.0,1.0,1.0,1.0,1.0,1.0,1.0,1.0,1.0,1.0,1.0,1.0,1.0,1.0,1.0,1.0,1.0,1.0,1.0,1.0,1.0,0.9315389924085576,0.0,0.9711517947735252,1.0,1.0,1.0,1.0,1.0,1.0,1.0,1.0,1.0,1.0,1.0,1.0,1.0,1.0,1.0,1.0,1.0,1.0,1.0,1.0,1.0,1.0,1.0,1.0,1.0,1.0,1.0,1.0,1.0,0.9609674329501916,0.9722466422466423,1.0,1.0,0.9678095238095238,1.0,1.0,1.0,1.0,1.0,1.0,1.0,1.0,1.0,1.0,1.0,1.0,1.0,0.9852836879432624,1.0,1.0,1.0,1.0,1.0,1.0,1.0,1.0,1.0,1.0,1.0,1.0,1.0,1.0,1.0,1.0,1.0,1.0,1.0,0.9602201257861636,1.0,1.0,1.0,1.0,1.0,1.0,1.0,1.0,1.0,1.0,1.0,1.0,0.9713312368972746,1.0,0.9619047619047619,1.0,1.0,1.0,1.0,1.0,1.0,1.0,1.0,1.0,1.0,1.0,1.0,1.0,1.0,1.0,0.9527691511387164,0.9580542823189881,1.0,1.0,1.0,0.967020202020202,1.0,1.0,0.9454980842911878,0.9651810080757449,0.9622467062805514,1.0,0.9091041007085783,0.9687810848525135,0.9484970238095238,1.0,0.9678859447004609,1.0,0.9585137085137085,0.9620808107787274,1.0,1.0,1.0,0.9859433621933622,1.0,1.0,1.0,0.9465948547979798,1.0,1.0,1.0,0.9328947368421052,0.9358555073398823,1.0,1.0,1.0,1.0,1.0,0.9597168885475337,1.0,1.0,1.0,1.0,1.0,1.0,1.0,1.0,1.0,1.0,0.9455770502645503,1.0,1.0,1.0,1.0,1.0,1.0,1.0,1.0,1.0,1.0,1.0,1.0,1.0,0.9767361111111111,0.9731481481481481,0.9809244791666667,1.0,1.0,1.0,0.9858110425240055,1.0,0.9325892857142857,1.0
1.0,1.0,1.0,1.0,1.0,1.0,0.9014836341081642,1.0,1.0,1.0,1.0,1.0,1.0,1.0,1.0,1.0,1.0,1.0,1.0,1.0,1.0,1.0,1.0,1.0,1.0,1.0,1.0,1.0,0.8641745343675169,0.9711517947735252,0.0,1.0,1.0,1.0,1.0,1.0,1.0,1.0,1.0,1.0,1.0,1.0,1.0,1.0,1.0,1.0,1.0,1.0,1.0,1.0,1.0,1.0,1.0,1.0,1.0,1.0,1.0,1.0,1.0,1.0,0.9205274903305725,0.9065172513715747,1.0,1.0,0.907477957416733,1.0,1.0,1.0,1.0,1.0,1.0,1.0,1.0,1.0,1.0,1.0,1.0,1.0,0.9552991713501917,1.0,1.0,1.0,1.0,1.0,1.0,1.0,1.0,1.0,1.0,1.0,1.0,1.0,1.0,1.0,1.0,1.0,1.0,1.0,0.9359902027299987,1.0,1.0,1.0,1.0,1.0,1.0,1.0,1.0,1.0,1.0,1.0,1.0,0.938148020960521,1.0,0.9876127820980762,1.0,1.0,1.0,1.0,1.0,1.0,1.0,1.0,1.0,1.0,1.0,1.0,1.0,1.0,1.0,0.8775591102796985,0.8561893436893437,1.0,1.0,1.0,0.8940501123288821,1.0,1.0,0.9162194500049916,0.9168487556682001,0.8745804086429086,1.0,0.8669721335018079,0.8692703885412219,0.8760607879834885,1.0,0.8819264737858614,1.0,0.8698848256681591,0.8967428853825913,1.0,1.0,1.0,0.9274881158198184,1.0,1.0,1.0,0.9371670370117575,1.0,1.0,1.0,0.9139640986879082,0.8978016267644751,1.0,1.0,1.0,1.0,1.0,0.8743250287127837,1.0,1.0,1.0,1.0,1.0,1.0,1.0,1.0,1.0,1.0,0.8356694695446447,1.0,1.0,1.0,1.0,1.0,1.0,1.0,1.0,1.0,1.0,1.0,1.0,1.0,0.9281324309493324,0.9721511331805449,0.916394362019362,1.0,1.0,1.0,0.9356919825833306,1.0,0.9285571450802543,1.0
1.0,1.0,1.0,1.0,1.0,0.9005201099034655,1.0,1.0,1.0,1.0,1.0,1.0,1.0,0.8494881205587577,1.0,1.0,1.0,1.0,0.8684947263062588,0.8584779485692727,0.8486685496468105,0.9300299768537473,1.0,1.0,1.0,0.9356023992591157,0.9191958419775321,0.9178839565481722,1.0,1.0,1.0,0.0,1.0,1.0,1.0,1.0,1.0,1.0,1.0,1.0,1.0,1.0,1.0,1.0,1.0,0.8980377314484458,1.0,0.8764191521441522,0.958743527714116,0.8727859815776848,1.0,1.0,1.0,0.9295564673421817,0.8316736179681499,1.0,0.8841708318147837,1.0,1.0,1.0,1.0,1.0,1.0,1.0,1.0,1.0,1.0,1.0,1.0,1.0,1.0,0.9232874453490125,1.0,0.917049550780894,0.9344391510255113,1.0,0.861732690422672,0.9673254662684809,1.0,1.0,1.0,0.9070162045162045,0.8745472421970446,1.0,1.0,0.9316593300968301,0.8371936947568679,1.0,0.9482208907990158,0.9122291913225011,1.0,1.0,1.0,0.8712562798985388,1.0,0.9329826273080242,1.0,0.8409301194768324,1.0,1.0,0.8822089792923127,0.9269688447445801,0.8778404221828592,1.0,0.9144068402662153,0.9223764704016805,0.8116176328840803,0.9503267927724449,0.969404085029085,1.0,1.0,1.0,1.0,1.0,1.0,1.0,0.8892483955668887,1.0,1.0,1.0,0.9117828987007909,1.0,0.9002383282671744,1.0,1.0,1.0,1.0,1.0,1.0,1.0,1.0,1.0,1.0,1.0,1.0,1.0,1.0,1.0,1.0,1.0,0.9549176109837875,1.0,1.0,1.0,1.0,1.0,1.0,1.0,1.0,1.0,1.0,1.0,1.0,1.0,1.0,1.0,1.0,1.0,1.0,1.0,1.0,1.0,1.0,1.0,1.0,1.0,1.0,1.0,0.9067131004869199,1.0,1.0,1.0,1.0,1.0,0.9628480338004147,1.0,1.0,1.0,1.0,0.8992458901928599,0.9105221700343904,1.0,1.0,0.8986685591160333,1.0,1.0,0.8731622481450644,1.0,1.0,1.0,1.0,1.0,1.0,1.0,1.0,1.0,1.0,1.0,1.0,1.0,1.0,1.0
