0.0,0.48274024943942573,1.0,1.0,1.0,1.0,1.0,1.0,1.0,1.0,1.0,1.0,1.0,1.0,1.0,1.0,1.0,1.0,1.0,1.0,1.0,1.0,1.0,1.0,1.0,1.0,1.0,1.0,1.0,1.0,1.0,1.0,1.0,1.0,1.0,1.0,1.0,1.0,1.0,1.0,1.0,1.0,1.0,1.0,1.0,1.0,1.0,1.0,1.0,1.0,1.0,1.0,1.0,1.0,1.0,1.0,1.0,1.0,1.0,1.0,1.0,1.0,1.0,1.0,1.0,1.0,1.0,1.0,1.0,1.0,1.0,1.0,1.0,1.0,1.0,1.0,1.0,1.0,1.0,1.0,1.0,1.0,1.0,1.0,1.0,1.0,1.0,1.0,1.0,1.0,1.0,1.0,1.0,1.0,1.0,1.0,1.0,1.0,1.0,1.0,1.0,1.0,1.0,1.0,1.0,1.0,1.0,1.0,1.0,1.0,1.0,1.0,1.0,1.0,1.0,1.0,1.0,1.0,1.0,1.0,1.0,1.0,1.0,1.0,1.0,1.0,1.0,1.0,1.0,1.0,1.0,1.0,1.0,1.0,1.0,1.0,1.0,1.0,1.0,1.0,1.0,1.0,1.0,1.0,1.0,1.0,1.0,1.0,1.0,1.0,1.0,1.0,1.0,1.0,1.0,1.0,1.0,1.0,1.0,1.0,1.0,1.0,1.0,1.0,1.0,1.0,1.0,1.0,1.0,1.0,1.0,1.0,1.0,1.0,1.0,1.0,1.0,1.0,1.0,1.0,1.0,1.0,1.0,1.0,1.0,1.0,1.0,1.0,1.0,1.0,1.0,1.0,1.0,1.0,1.0,1.0,1.0,1.0,1.0,1.0,1.0,1.0
0.48274024943942573,0.0,1.0,1.0,1.0,1.0,1.0,1.0,1.0,1.0,1.0,1.0,1.0,1.0,1.0,1.0,1.0,1.0,1.0,1.0,1.0,1.0,1.0,1.0,1.0,1.0,1.0,1.0,1.0,1.0,1.0,1.0,1.0,1.0,1.0,1.0,1.0,1.0,1.0,1.0,1.0,1.0,1.0,1.0,1.0,1.0,1.0,1.0,1.0,1.0,1.0,1.0,1.0,1.0,1.0,1.0,1.0,1.0,1.0,1.0,1.0,1.0,1.0,1.0,1.0,1.0,1.0,1.0,1.0,1.0,1.0,1.0,1.0,1.0,1.0,1.0,1.0,1.0,1.0,1.0,1.0,1.0,1.0,1.0,1.0,1.0,1.0,1.0,1.0,1.0,1.0,1.0,1.0,1.0,1.0,1.0,1.0,1.0,1.0,1.0,1.0,1.0,1.0,1.0,1.0,1.0,1.0,1.0,1.0,1.0,1.0,1.0,1.0,1.0,1.0,1.0,1.0,1.0,1.0,1.0,1.0,1.0,1.0,1.0,1.0,1.0,1.0,1.0,1.0,1.0,1.0,1.0,1.0,1.0,1.0,1.0,1.0,1.0,1.0,1.0,1.0,1.0,1.0,1.0,1.0,1.0,1.0,1.0,1.0,1.0,1.0,1.0,1.0,1.0,1.0,1.0,1.0,1.0,1.0,1.0,1.0,1.0,1.0,1.0,1.0,1.0,1.0,1.0,1.0,1.0,1.0,1.0,1.0,1.0,1.0,1.0,1.0,1.0,1.0,1.0,1.0,1.0,1.0,1.0,1.0,1.0,1.0,1.0,1.0,1.0,1.0,1.0,1.0,1.0,1.0,1.0,1.0,1.0,1.0,1.0,1.0,1.0
1.0,1.0,0.0,0.870265595543327,0.8928340890228146,1.0,1.0,1.0,1.0,1.0,1.0,1.0,1.0,1.0,1.0,1.0,1.0,1.0,1.0,1.0,1.0,1.0,1.0,1.0,1.0,1.0,1.0,1.0,1.0,1.0,1.0,1.0,1.0,1.0,1.0,1.0,1.0,0.9765472401773772,0.9504207796538129,1.0,1.0,1.0,1.0,1.0,1.0,1.0,1.0,1.0,1.0,1.0,1.0,1.0,0.8486829040626509,1.0,1.0,1.0,1.0,1.0,0.9219840449954086,1.0,1.0,1.0,1.0,1.0,1.0,0.8676303053546643,0.8268961384946962,1.0,0.8971003171992024,1.0,1.0,1.0,1.0,1.0,1.0,1.0,1.0,1.0,1.0,1.0,1.0,1.0,1.0,0.9326364213128919,1.0,1.0,1.0,1.0,1.0,1.0,1.0,1.0,1.0,1.0,1.0,1.0,1.0,1.0,1.0,1.0,1.0,1.0,1.0,1.0,1.0,1.0,1.0,1.0,1.0,1.0,1.0,1.0,1.0,1.0,1.0,0.874763193650868,1.0,1.0,1.0,1.0,1.0,1.0,1.0,1.0,1.0,1.0,1.0,1.0,1.0,1.0,1.0,1.0,0.9051383312328288,1.0,1.0,1.0,1.0,1.0,1.0,1.0,1.0,1.0,1.0,1.0,1.0,1.0,1.0,1.0,1.0,1.0,1.0,1.0,1.0,1.0,1.0,1.0,1.0,1.0,1.0,0.8414257061025177,1.0,1.0,1.0,1.0,1.0,1.0,1.0,1.0,1.0,1.0,1.0,1.0,0.8683898360794929,1.0,1.0,1.0,1.0,0.9358707058707059,1.0,1.0,1.0,1.0,1.0,1.0,0.859279783741809,1.0,1.0,1.0,1.0,1.0,1.0,1.0,1.0,1.0,1.0,1.0,1.0,1.0,1.0,1.0,1.0,1.0
1.0,1.0,0.870265595543327,0.0,0.8788994025381012,1.0,1.0,1.0,1.0,1.0,1.0,1.0,1.0,1.0,1.0,1.0,1.0,1.0,1.0,1.0,1.0,1.0,1.0,1.0,1.0,1.0,1.0,1.0,1.0,1.0,1.0,1.0,1.0,1.0,1.0,1.0,1.0,0.9523070844499416,0.9649583572674751,1.0,1.0,1.0,1.0,1.0,1.0,1.0,1.0,1.0,1.0,1.0,1.0,1.0,0.8752606222221436,1.0,1.0,1.0,1.0,1.0,0.9453520071477818,1.0,1.0,1.0,1.0,1.0,1.0,0.8962976785954135,0.8585405918237686,1.0,0.9380541634608416,1.0,1.0,1.0,1.0,1.0,1.0,1.0,1.0,1.0,1.0,1.0,1.0,1.0,1.0,0.9402717511207597,1.0,1.0,1.0,1.0,1.0,1.0,1.0,1.0,1.0,1.0,1.0,1.0,1.0,1.0,1.0,1.0,1.0,1.0,1.0,1.0,1.0,1.0,1.0,1.0,1.0,1.0,1.0,1.0,1.0,1.0,1.0,0.8947889461652039,1.0,1.0,1.0,1.0,1.0,1.0,1.0,1.0,1.0,1.0,1.0,1.0,1.0,1.0,1.0,1.0,0.8879898095647643,1.0,1.0,1.0,1.0,1.0,1.0,1.0,1.0,1.0,1.0,1.0,1.0,1.0,1.0,1.0,1.0,1.0,1.0,1.0,1.0,1.0,1.0,1.0,1.0,1.0,1.0,0.8603577908679012,1.0,1.0,1.0,1.0,1.0,1.0,1.0,1.0,1.0,1.0,1.0,1.0,0.8652609108648153,1.0,1.0,1.0,1.0,0.9123773448773449,1.0,1.0,1.0,1.0,1.0,1.0,0.893788332843686,1.0,1.0,1.0,1.0,1.0,1.0,1.0,1.0,1.0,1.0,1.0,1.0,1.0,1.0,1.0,1.0,1.0
1.0,1.0,0.8928340890228146,0.8788994025381012,0.0,1.0,1.0,1.0,1.0,1.0,1.0,1.0,1.0,1.0,1.0,1.0,1.0,1.0,1.0,1.0,1.0,1.0,1.0,1.0,1.0,1.0,1.0,1.0,1.0,1.0,1.0,1.0,1.0,1.0,1.0,1.0,1.0,0.9586259747197248,0.9552572427572428,1.0,1.0,1.0,1.0,1.0,1.0,1.0,1.0,1.0,1.0,1.0,1.0,1.0,0.9013530445158446,1.0,1.0,1.0,1.0,1.0,0.9228005046169109,1.0,1.0,1.0,1.0,1.0,1.0,0.8711798354110384,0.8652060630405605,1.0,0.9220844793058933,1.0,1.0,1.0,1.0,1.0,1.0,1.0,1.0,1.0,1.0,1.0,1.0,1.0,1.0,0.9281456378954184,1.0,1.0,1.0,1.0,1.0,1.0,1.0,1.0,1.0,1.0,1.0,1.0,1.0,1.0,1.0,1.0,1.0,1.0,1.0,1.0,1.0,1.0,1.0,1.0,1.0,1.0,1.0,1.0,1.0,1.0,1.0,0.8974044539135806,1.0,1.0,1.0,1.0,1.0,1.0,1.0,1.0,1.0,1.0,1.0,1.0,1.0,1.0,1.0,1.0,0.9439186598425728,1.0,1.0,1.0,1.0,1.0,1.0,1.0,1.0,1.0,1.0,1.0,1.0,1.0,1.0,1.0,1.0,1.0,1.0,1.0,1.0,1.0,1.0,1.0,1.0,1.0,1.0,0.8671714698337246,1.0,1.0,1.0,1.0,1.0,1.0,1.0,1.0,1.0,1.0,1.0,1.0,0.9164795382787807,1.0,1.0,1.0,1.0,0.9301836223362451,1.0,1.0,1.0,1.0,1.0,1.0,0.9231905397512541,1.0,1.0,1.0,1.0,1.0,1.0,1.0,1.0,1.0,1.0,1.0,1.0,1.0,1.0,1.0,1.0,1.0
1.0,1.0,1.0,1.0,1.0,0.0,1.0,1.0,1.0,1.0,1.0,1.0,1.0,0.8807188804712294,1.0,1.0,1.0,1.0,0.8849234993270403,0.8956183913917453,0.8813095899929817,0.9662879226456813,1.0,1.0,1.0,0.9308076218653142,0.9073411404101703,0.9540425128524443,1.0,1.0,1.0,0.9074133676657072,1.0,1.0,1.0,1.0,1.0,1.0,1.0,1.0,1.0,1.0,1.0,1.0,1.0,0.8600225788644906,1.0,0.9151740072052572,0.9521703478670692,0.9068490936189474,1.0,1.0,1.0,0.9151582457157741,0.9128541527090634,1.0,0.9003639400746599,1.0,1.0,1.0,1.0,1.0,1.0,1.0,1.0,1.0,1.0,1.0,1.0,1.0,1.0,0.9137288384358697,1.0,0.939724620297777,0.9335859928115363,1.0,0.8678809119288153,0.9649092750283227,1.0,1.0,1.0,0.9074856712145445,0.8957486333478397,1.0,1.0,0.9211245276462667,0.9000380644394729,1.0,0.9100125035584219,0.8810385696924159,1.0,1.0,1.0,0.901001351894209,1.0,0.8941436220124744,1.0,0.906189360275038,1.0,1.0,0.8548209158382769,0.8908971050317205,0.87269797603362,1.0,0.92111680017651,0.8773422628958343,0.8785543802152334,0.9132678914535779,0.9184623461988101,1.0,1.0,1.0,1.0,1.0,1.0,1.0,0.8716690838529616,1.0,1.0,1.0,0.9010523825832242,1.0,0.8938131364520253,1.0,1.0,1.0,1.0,1.0,1.0,1.0,1.0,1.0,1.0,1.0,1.0,1.0,1.0,1.0,1.0,1.0,0.9504596368638576,1.0,1.0,1.0,1.0,1.0,1.0,1.0,1.0,1.0,1.0,1.0,1.0,1.0,1.0,1.0,1.0,1.0,1.0,1.0,1.0,1.0,1.0,1.0,1.0,1.0,1.0,1.0,0.886729021938052,1.0,1.0,1.0,1.0,1.0,0.9450469040381321,1.0,1.0,1.0,1.0,0.9214217219459155,0.894255476811937,1.0,1.0,0.89525962496977,1.0,1.0,0.8949848468030286,1.0,1.0,1.0,1.0,1.0,1.0,1.0,1.0,1.0,1.0,1.0,1.0,1.0,1.0,1.0
1.0,1.0,1.0,1.0,1.0,1.0,0.0,1.0,1.0,1.0,1.0,1.0,1.0,1.0,1.0,1.0,1.0,1.0,1.0,1.0,1.0,1.0,1.0,1.0,1.0,1.0,1.0,1.0,0.9217345670325546,0.9664256198347108,0.9202985141424991,1.0,1.0,1.0,1.0,1.0,1.0,1.0,1.0,1.0,1.0,1.0,1.0,1.0,1.0,1.0,1.0,1.0,1.0,1.0,1.0,1.0,1.0,1.0,1.0,1.0,1.0,1.0,1.0,1.0,0.914338079760615,0.8842616119790033,1.0,1.0,0.9037311672572866,1.0,1.0,1.0,1.0,1.0,1.0,1.0,1.0,1.0,1.0,1.0,1.0,1.0,0.9448347165654858,1.0,1.0,1.0,1.0,1.0,1.0,1.0,1.0,1.0,1.0,1.0,1.0,1.0,1.0,1.0,1.0,1.0,1.0,1.0,0.9428529941589643,1.0,1.0,1.0,1.0,1.0,1.0,1.0,1.0,1.0,1.0,1.0,1.0,0.913363277822233,1.0,0.9795627047115142,1.0,1.0,1.0,1.0,1.0,1.0,1.0,1.0,1.0,1.0,1.0,1.0,1.0,1.0,1.0,0.8964988274323524,0.862003537003537,1.0,1.0,1.0,0.9264158816535577,1.0,1.0,0.954141994546924,0.9290956326282414,0.9097901783789296,1.0,0.877327794921973,0.907594878057754,0.8823885265061736,1.0,0.9210222763347763,1.0,0.8993380674630674,0.8697257056032839,1.0,1.0,1.0,0.9378042614352138,1.0,1.0,1.0,0.9413502637934457,1.0,1.0,1.0,0.9003682078892162,0.8918919573867491,1.0,1.0,1.0,1.0,1.0,0.8950496841121841,1.0,1.0,1.0,1.0,1.0,1.0,1.0,1.0,1.0,1.0,0.8513817566207272,1.0,1.0,1.0,1.0,1.0,1.0,1.0,1.0,1.0,1.0,1.0,1.0,1.0,0.938530457933443,0.9591470258136925,0.9401751088417755,1.0,1.0,1.0,0.9238328450449662,1.0,0.9497861639165988,1.0
1.0,1.0,1.0,1.0,1.0,1.0,1.0,0.0,1.0,0.9208559763137227,1.0,0.9246189026574817,1.0,1.0,1.0,0.984795099613648,1.0,1.0,1.0,1.0,1.0,1.0,1.0,1.0,1.0,1.0,1.0,1.0,1.0,1.0,1.0,1.0,0.9557507162975913,0.9654433507861679,0.946901512678978,0.9228282067503082,0.9211433252527487,1.0,1.0,1.0,0.9412527901785714,1.0,1.0,1.0,1.0,1.0,1.0,1.0,1.0,1.0,0.8958214755938599,1.0,1.0,1.0,1.0,1.0,1.0,1.0,1.0,1.0,1.0,1.0,1.0,1.0,1.0,1.0,1.0,1.0,1.0,0.9037448662448663,1.0,1.0,0.9191495171495172,1.0,1.0,1.0,1.0,1.0,1.0,0.9184252387823817,0.9065485638699924,1.0,1.0,1.0,1.0,1.0,1.0,1.0,1.0,1.0,1.0,1.0,1.0,1.0,0.945407729195608,1.0,1.0,1.0,1.0,0.9370569730970885,1.0,1.0,1.0,1.0,1.0,1.0,1.0,1.0,1.0,0.9134317611400945,1.0,1.0,1.0,1.0,0.937147320680409,1.0,1.0,1.0,0.9908820346320346,1.0,1.0,1.0,1.0,1.0,0.9446864983974359,0.949269870341299,0.9500546496514238,1.0,1.0,1.0,1.0,1.0,1.0,1.0,1.0,0.9454284604284604,1.0,1.0,1.0,1.0,1.0,1.0,1.0,1.0,1.0,1.0,1.0,1.0,1.0,0.9413967580039009,0.9463265397067918,1.0,1.0,1.0,0.966703013967165,1.0,1.0,1.0,1.0,1.0,1.0,1.0,1.0,1.0,1.0,1.0,0.923084737284979,1.0,1.0,1.0,1.0,0.9225584580649235,1.0,1.0,1.0,1.0,1.0,1.0,1.0,1.0,1.0,1.0,1.0,1.0,1.0,1.0,1.0,1.0,1.0,1.0,1.0,1.0,1.0,1.0,1.0,1.0,1.0,0.9487142198079698,1.0,0.9646783771783771,1.0,1.0
1.0,1.0,1.0,1.0,1.0,1.0,1.0,1.0,0.0,1.0,0.9499037035495369,1.0,0.8908228015370873,1.0,0.8968414183286276,1.0,0.9218914692506242,0.9105695607302751,1.0,1.0,1.0,1.0,0.8978362923532006,1.0,1.0,1.0,1.0,1.0,1.0,1.0,1.0,1.0,1.0,1.0,1.0,1.0,1.0,1.0,1.0,1.0,1.0,1.0,1.0,1.0,0.9221882932491485,1.0,0.9283421827259856,1.0,1.0,1.0,1.0,0.930859168735881,1.0,1.0,1.0,1.0,1.0,1.0,1.0,1.0,1.0,1.0,1.0,1.0,1.0,1.0,1.0,1.0,1.0,1.0,0.8522615842517294,1.0,1.0,1.0,1.0,1.0,1.0,1.0,1.0,1.0,1.0,1.0,1.0,1.0,1.0,1.0,1.0,1.0,1.0,1.0,1.0,1.0,1.0,1.0,1.0,1.0,0.9652927219050408,1.0,1.0,1.0,1.0,1.0,1.0,1.0,1.0,1.0,1.0,1.0,1.0,1.0,0.9084819592172534,1.0,0.8723770371325756,1.0,1.0,1.0,1.0,0.9508649792079034,1.0,1.0,1.0,1.0,1.0,0.9555379403205491,1.0,1.0,1.0,0.8982829672193089,1.0,1.0,1.0,1.0,1.0,1.0,1.0,1.0,1.0,1.0,1.0,1.0,1.0,1.0,1.0,1.0,1.0,1.0,1.0,1.0,1.0,1.0,1.0,1.0,1.0,1.0,1.0,1.0,1.0,1.0,1.0,1.0,1.0,1.0,1.0,1.0,1.0,1.0,1.0,1.0,1.0,1.0,1.0,1.0,1.0,0.8975227787919166,1.0,1.0,1.0,1.0,1.0,1.0,1.0,0.9143124470067747,0.887171710013972,1.0,1.0,1.0,1.0,1.0,1.0,1.0,1.0,1.0,1.0,1.0,1.0,1.0,1.0,1.0,1.0,1.0,1.0,1.0
1.0,1.0,1.0,1.0,1.0,1.0,1.0,0.9208559763137227,1.0,0.0,1.0,0.8847904118980906,1.0,1.0,1.0,0.9569044599597716,1.0,1.0,1.0,1.0,1.0,1.0,1.0,1.0,1.0,1.0,1.0,1.0,1.0,1.0,1.0,1.0,0.9099594628398976,0.9240193461554964,0.9217718678380443,0.8883518817783524,0.8983491733570976,1.0,1.0,1.0,0.9174445132978968,1.0,1.0,1.0,1.0,1.0,1.0,1.0,1.0,1.0,0.8797414072072482,1.0,1.0,1.0,1.0,1.0,1.0,1.0,1.0,1.0,1.0,1.0,1.0,1.0,1.0,1.0,1.0,1.0,1.0,0.9030112877275607,1.0,1.0,0.8796643263780519,1.0,1.0,1.0,1.0,1.0,1.0,0.9079349534444812,0.9212861699054682,1.0,1.0,1.0,1.0,1.0,1.0,1.0,1.0,1.0,1.0,1.0,1.0,1.0,0.9070667916739346,1.0,1.0,1.0,1.0,0.8908721657205143,1.0,1.0,1.0,1.0,1.0,1.0,1.0,1.0,1.0,0.9062603785103786,1.0,1.0,1.0,1.0,0.8615047955445994,1.0,1.0,1.0,0.9484347442680776,1.0,1.0,1.0,1.0,1.0,0.933039553039553,0.8848855187825777,0.9366925385121171,1.0,1.0,1.0,1.0,1.0,1.0,1.0,1.0,0.9166221684400255,1.0,1.0,1.0,1.0,1.0,1.0,1.0,1.0,1.0,1.0,1.0,1.0,1.0,0.9052214925009043,0.908766326816922,1.0,1.0,1.0,0.9578769673087855,1.0,1.0,1.0,1.0,1.0,1.0,1.0,1.0,1.0,1.0,1.0,0.9085912031598273,1.0,1.0,1.0,1.0,0.92869249471125,1.0,1.0,1.0,1.0,1.0,1.0,1.0,1.0,1.0,1.0,1.0,1.0,1.0,1.0,1.0,1.0,1.0,1.0,1.0,1.0,1.0,1.0,1.0,1.0,1.0,0.8808682496933775,1.0,0.9577583122895623,1.0,1.0
1.0,1.0,1.0,1.0,1.0,1.0,1.0,1.0,0.9499037035495369,1.0,0.0,1.0,0.9406959706959707,1.0,0.9098437685381732,1.0,0.9449764211482962,0.9450171304648917,1.0,1.0,1.0,1.0,0.9620034464919376,1.0,1.0,1.0,1.0,1.0,1.0,1.0,1.0,1.0,1.0,1.0,1.0,1.0,1.0,1.0,1.0,1.0,1.0,1.0,1.0,1.0,0.9019152714358194,1.0,0.9449036866947315,1.0,1.0,1.0,1.0,0.9105461892613727,1.0,1.0,1.0,1.0,1.0,1.0,1.0,1.0,1.0,1.0,1.0,1.0,1.0,1.0,1.0,1.0,1.0,1.0,0.9101750545027709,1.0,1.0,1.0,1.0,1.0,1.0,1.0,1.0,1.0,1.0,1.0,1.0,1.0,1.0,1.0,1.0,1.0,1.0,1.0,1.0,1.0,1.0,1.0,1.0,1.0,0.9517861282615381,1.0,1.0,1.0,1.0,1.0,1.0,1.0,1.0,1.0,1.0,1.0,1.0,1.0,0.9378984501161921,1.0,0.914666993456177,1.0,1.0,1.0,1.0,0.968576518967144,1.0,1.0,1.0,1.0,1.0,0.9479726460069202,1.0,1.0,1.0,0.9540796025831237,1.0,1.0,1.0,1.0,1.0,1.0,1.0,1.0,1.0,1.0,1.0,1.0,1.0,1.0,1.0,1.0,1.0,1.0,1.0,1.0,1.0,1.0,1.0,1.0,1.0,1.0,1.0,1.0,1.0,1.0,1.0,1.0,1.0,1.0,1.0,1.0,1.0,1.0,1.0,1.0,1.0,1.0,1.0,1.0,1.0,0.9327208756116895,1.0,1.0,1.0,1.0,1.0,1.0,1.0,0.9253138869986697,0.9241602036687768,1.0,1.0,1.0,1.0,1.0,1.0,1.0,1.0,1.0,1.0,1.0,1.0,1.0,1.0,1.0,1.0,1.0,1.0,1.0
1.0,1.0,1.0,1.0,1.0,1.0,1.0,0.9246189026574817,1.0,0.8847904118980906,1.0,0.0,1.0,1.0,1.0,0.9418343878410569,1.0,1.0,1.0,1.0,1.0,1.0,1.0,1.0,1.0,1.0,1.0,1.0,1.0,1.0,1.0,1.0,0.8982345140906784,0.9116819386156667,0.9060240622810283,0.851728775678449,0.823119360365614,1.0,1.0,1.0,0.9107689737486991,1.0,1.0,1.0,1.0,1.0,1.0,1.0,1.0,1.0,0.8412649733318402,1.0,1.0,1.0,1.0,1.0,1.0,1.0,1.0,1.0,1.0,1.0,1.0,1.0,1.0,1.0,1.0,1.0,1.0,0.8572311231537423,1.0,1.0,0.815258432015658,1.0,1.0,1.0,1.0,1.0,1.0,0.8985547328976816,0.8825570752472359,1.0,1.0,1.0,1.0,1.0,1.0,1.0,1.0,1.0,1.0,1.0,1.0,1.0,0.9101215201708622,1.0,1.0,1.0,1.0,0.7959960690785998,1.0,1.0,1.0,1.0,1.0,1.0,1.0,1.0,1.0,0.8826835480480991,1.0,1.0,1.0,1.0,0.8189420878901628,1.0,1.0,1.0,0.9301273067702411,1.0,1.0,1.0,1.0,1.0,0.9178775543276434,0.8513044348028115,0.9373208238159219,1.0,1.0,1.0,1.0,1.0,1.0,1.0,1.0,0.8631478533514353,1.0,1.0,1.0,1.0,1.0,1.0,1.0,1.0,1.0,1.0,1.0,1.0,1.0,0.9021330531127567,0.8868915460256404,1.0,1.0,1.0,0.9642851283229572,1.0,1.0,1.0,1.0,1.0,1.0,1.0,1.0,1.0,1.0,1.0,0.8597790052623158,1.0,1.0,1.0,1.0,0.9232582979892818,1.0,1.0,1.0,1.0,1.0,1.0,1.0,1.0,1.0,1.0,1.0,1.0,1.0,1.0,1.0,1.0,1.0,1.0,1.0,1.0,1.0,1.0,1.0,1.0,1.0,0.8802171068125413,1.0,0.9328331238900328,1.0,1.0
1.0,1.0,1.0,1.0,1.0,1.0,1.0,1.0,0.8908228015370873,1.0,0.9406959706959707,1.0,0.0,1.0,0.912254750359433,1.0,0.8791571275946276,0.9217880750785162,1.0,1.0,1.0,1.0,0.9100766725223247,1.0,1.0,1.0,1.0,1.0,1.0,1.0,1.0,1.0,1.0,1.0,1.0,1.0,1.0,1.0,1.0,1.0,1.0,1.0,1.0,1.0,0.9075179050243263,1.0,0.9206258801961927,1.0,1.0,1.0,1.0,0.9149633117225711,1.0,1.0,1.0,1.0,1.0,1.0,1.0,1.0,1.0,1.0,1.0,1.0,1.0,1.0,1.0,1.0,1.0,1.0,0.895730098472034,1.0,1.0,1.0,1.0,1.0,1.0,1.0,1.0,1.0,1.0,1.0,1.0,1.0,1.0,1.0,1.0,1.0,1.0,1.0,1.0,1.0,1.0,1.0,1.0,1.0,0.9498966600529101,1.0,1.0,1.0,1.0,1.0,1.0,1.0,1.0,1.0,1.0,1.0,1.0,1.0,0.9262265234765235,1.0,0.8870508841822945,1.0,1.0,1.0,1.0,0.9523812706900943,1.0,1.0,1.0,1.0,1.0,0.9666162503252668,1.0,1.0,1.0,0.9480406746031746,1.0,1.0,1.0,1.0,1.0,1.0,1.0,1.0,1.0,1.0,1.0,1.0,1.0,1.0,1.0,1.0,1.0,1.0,1.0,1.0,1.0,1.0,1.0,1.0,1.0,1.0,1.0,1.0,1.0,1.0,1.0,1.0,1.0,1.0,1.0,1.0,1.0,1.0,1.0,1.0,1.0,1.0,1.0,1.0,1.0,0.9341997879390036,1.0,1.0,1.0,1.0,1.0,1.0,1.0,0.9041398151140798,0.8815111401865133,1.0,1.0,1.0,1.0,1.0,1.0,1.0,1.0,1.0,1.0,1.0,1.0,1.0,1.0,1.0,1.0,1.0,1.0,1.0
1.0,1.0,1.0,1.0,1.0,0.8807188804712294,1.0,1.0,1.0,1.0,1.0,1.0,1.0,0.0,1.0,1.0,1.0,1.0,0.8400134048945397,0.8253914409483037,0.846340671277718,0.9528640981692625,1.0,1.0,1.0,0.9525978061134311,0.880948308284399,0.9154411428078094,1.0,1.0,1.0,0.8723320284676334,1.0,1.0,1.0,1.0,1.0,1.0,1.0,1.0,1.0,1.0,1.0,1.0,1.0,0.869526106277574,1.0,0.87709951354783,0.9598423393735894,0.8946527026765122,1.0,1.0,1.0,0.9546547297831545,0.8471165266514737,1.0,0.8726662676952078,1.0,1.0,1.0,1.0,1.0,1.0,1.0,1.0,1.0,1.0,1.0,1.0,1.0,1.0,0.9099268964538908,1.0,0.9450192568124116,0.9274502361835695,1.0,0.8639072158171502,0.9075960745603603,1.0,1.0,1.0,0.8891652175882407,0.9293966000583648,1.0,1.0,0.9031223946436532,0.828917452789039,1.0,0.9101218399655899,0.8935507667341941,1.0,1.0,1.0,0.8721399667092944,1.0,0.9212441870543723,1.0,0.8842490198188727,1.0,1.0,0.8557462106346034,0.9300952313799683,0.8755703958398093,1.0,0.9550440165078323,0.8845865558549382,0.8158020316427627,0.89905054014181,0.925652614052614,1.0,1.0,1.0,1.0,1.0,1.0,1.0,0.8600448525037341,1.0,1.0,1.0,0.8944958929023331,1.0,0.9131051575359087,1.0,1.0,1.0,1.0,1.0,1.0,1.0,1.0,1.0,1.0,1.0,1.0,1.0,1.0,1.0,1.0,1.0,0.9584457190707191,1.0,1.0,1.0,1.0,1.0,1.0,1.0,1.0,1.0,1.0,1.0,1.0,1.0,1.0,1.0,1.0,1.0,1.0,1.0,1.0,1.0,1.0,1.0,1.0,1.0,1.0,1.0,0.8826116623438052,1.0,1.0,1.0,1.0,1.0,0.9732511945540114,1.0,1.0,1.0,1.0,0.9306851434334311,0.877187381210308,1.0,1.0,0.8208570852989417,1.0,1.0,0.8836278969854736,1.0,1.0,1.0,1.0,1.0,1.0,1.0,1.0,1.0,1.0,1.0,1.0,1.0,1.0,1.0
1.0,1.0,1.0,1.0,1.0,1.0,1.0,1.0,0.8968414183286276,1.0,0.9098437685381732,1.0,0.912254750359433,1.0,0.0,1.0,0.9325908798759478,0.8971058338577121,1.0,1.0,1.0,1.0,0.9200293068417591,1.0,1.0,1.0,1.0,1.0,1.0,1.0,1.0,1.0,1.0,1.0,1.0,1.0,1.0,1.0,1.0,1.0,1.0,1.0,1.0,1.0,0.8491342672727166,1.0,0.9046892029753871,1.0,1.0,1.0,1.0,0.915582419537218,1.0,1.0,1.0,1.0,1.0,1.0,1.0,1.0,1.0,1.0,1.0,1.0,1.0,1.0,1.0,1.0,1.0,1.0,0.8546503161262257,1.0,1.0,1.0,1.0,1.0,1.0,1.0,1.0,1.0,1.0,1.0,1.0,1.0,1.0,1.0,1.0,1.0,1.0,1.0,1.0,1.0,1.0,1.0,1.0,1.0,0.9339201134999454,1.0,1.0,1.0,1.0,1.0,1.0,1.0,1.0,1.0,1.0,1.0,1.0,1.0,0.9066412810203929,1.0,0.8356470801644391,1.0,1.0,1.0,1.0,0.9313899367127296,1.0,1.0,1.0,1.0,1.0,0.96460629776602,1.0,1.0,1.0,0.9249590743542949,1.0,1.0,1.0,1.0,1.0,1.0,1.0,1.0,1.0,1.0,1.0,1.0,1.0,1.0,1.0,1.0,1.0,1.0,1.0,1.0,1.0,1.0,1.0,1.0,1.0,1.0,1.0,1.0,1.0,1.0,1.0,1.0,1.0,1.0,1.0,1.0,1.0,1.0,1.0,1.0,1.0,1.0,1.0,1.0,1.0,0.9051478359557121,1.0,1.0,1.0,1.0,1.0,1.0,1.0,0.8604295218740884,0.9009708072558212,1.0,1.0,1.0,1.0,1.0,1.0,1.0,1.0,1.0,1.0,1.0,1.0,1.0,1.0,1.0,1.0,1.0,1.0,1.0
1.0,1.0,1.0,1.0,1.0,1.0,1.0,0.984795099613648,1.0,0.9569044599597716,1.0,0.9418343878410569,1.0,1.0,1.0,0.0,1.0,1.0,1.0,1.0,1.0,1.0,1.0,1.0,1.0,1.0,1.0,1.0,1.0,1.0,1.0,1.0,0.9463846187206842,0.9674251152073733,0.9288900913900914,0.9419011500214152,0.9634932921610553,1.0,1.0,1.0,0.9550854700854701,1.0,1.0,1.0,1.0,1.0,1.0,1.0,1.0,1.0,0.939308350379779,1.0,1.0,1.0,1.0,1.0,1.0,1.0,1.0,1.0,1.0,1.0,1.0,1.0,1.0,1.0,1.0,1.0,1.0,0.9361784451458365,1.0,1.0,0.9130236244329382,1.0,1.0,1.0,1.0,1.0,1.0,0.9344073855437491,0.9238486966577734,1.0,1.0,1.0,1.0,1.0,1.0,1.0,1.0,1.0,1.0,1.0,1.0,1.0,0.9817338217338217,1.0,1.0,1.0,1.0,0.9498594790181328,1.0,1.0,1.0,1.0,1.0,1.0,1.0,1.0,1.0,0.9412871029806513,1.0,1.0,1.0,1.0,0.9485873788158102,1.0,1.0,1.0,0.937332285115304,1.0,1.0,1.0,1.0,1.0,0.9787958954625622,0.9484465505152125,0.9656976190476191,1.0,1.0,1.0,1.0,1.0,1.0,1.0,1.0,0.9537702046630618,1.0,1.0,1.0,1.0,1.0,1.0,1.0,1.0,1.0,1.0,1.0,1.0,1.0,0.9411333851722508,0.9437899011762648,1.0,1.0,1.0,0.9759462759462759,1.0,1.0,1.0,1.0,1.0,1.0,1.0,1.0,1.0,1.0,1.0,0.9537876110625622,1.0,1.0,1.0,1.0,0.9625010094256126,1.0,1.0,1.0,1.0,1.0,1.0,1.0,1.0,1.0,1.0,1.0,1.0,1.0,1.0,1.0,1.0,1.0,1.0,1.0,1.0,1.0,1.0,1.0,1.0,1.0,0.9565396023729357,1.0,0.9513795536821853,1.0,1.0
1.0,1.0,1.0,1.0,1.0,1.0,1.0,1.0,0.9218914692506242,1.0,0.9449764211482962,1.0,0.8791571275946276,1.0,0.9325908798759478,1.0,0.0,0.8747098777958153,1.0,1.0,1.0,1.0,0.9480571562093301,1.0,1.0,1.0,1.0,1.0,1.0,1.0,1.0,1.0,1.0,1.0,1.0,1.0,1.0,1.0,1.0,1.0,1.0,1.0,1.0,1.0,0.9325988055154721,1.0,0.9576126524990162,1.0,1.0,1.0,1.0,0.9354526070943981,1.0,1.0,1.0,1.0,1.0,1.0,1.0,1.0,1.0,1.0,1.0,1.0,1.0,1.0,1.0,1.0,1.0,1.0,0.9129887183875903,1.0,1.0,1.0,1.0,1.0,1.0,1.0,1.0,1.0,1.0,1.0,1.0,1.0,1.0,1.0,1.0,1.0,1.0,1.0,1.0,1.0,1.0,1.0,1.0,1.0,0.9743450699488835,1.0,1.0,1.0,1.0,1.0,1.0,1.0,1.0,1.0,1.0,1.0,1.0,1.0,0.9423978912708421,1.0,0.9329204430213103,1.0,1.0,1.0,1.0,0.9380306915306915,1.0,1.0,1.0,1.0,1.0,0.9750651041666667,1.0,1.0,1.0,0.9539273232441124,1.0,1.0,1.0,1.0,1.0,1.0,1.0,1.0,1.0,1.0,1.0,1.0,1.0,1.0,1.0,1.0,1.0,1.0,1.0,1.0,1.0,1.0,1.0,1.0,1.0,1.0,1.0,1.0,1.0,1.0,1.0,1.0,1.0,1.0,1.0,1.0,1.0,1.0,1.0,1.0,1.0,1.0,1.0,1.0,1.0,0.9318629673434976,1.0,1.0,1.0,1.0,1.0,1.0,1.0,0.913496225996226,0.9296589079197775,1.0,1.0,1.0,1.0,1.0,1.0,1.0,1.0,1.0,1.0,1.0,1.0,1.0,1.0,1.0,1.0,1.0,1.0,1.0
1.0,1.0,1.0,1.0,1.0,1.0,1.0,1.0,0.9105695607302751,1.0,0.9450171304648917,1.0,0.9217880750785162,1.0,0.8971058338577121,1.0,0.8747098777958153,0.0,1.0,1.0,1.0,1.0,0.9495329859926134,1.0,1.0,1.0,1.0,1.0,1.0,1.0,1.0,1.0,1.0,1.0,1.0,1.0,1.0,1.0,1.0,1.0,1.0,1.0,1.0,1.0,0.9148529507529507,1.0,0.9585308486427889,1.0,1.0,1.0,1.0,0.9404086372564633,1.0,1.0,1.0,1.0,1.0,1.0,1.0,1.0,1.0,1.0,1.0,1.0,1.0,1.0,1.0,1.0,1.0,1.0,0.8951581105328733,1.0,1.0,1.0,1.0,1.0,1.0,1.0,1.0,1.0,1.0,1.0,1.0,1.0,1.0,1.0,1.0,1.0,1.0,1.0,1.0,1.0,1.0,1.0,1.0,1.0,0.9561410766652703,1.0,1.0,1.0,1.0,1.0,1.0,1.0,1.0,1.0,1.0,1.0,1.0,1.0,0.9379182449494949,1.0,0.901936671644489,1.0,1.0,1.0,1.0,0.9389374470326851,1.0,1.0,1.0,1.0,1.0,0.9340823946065882,1.0,1.0,1.0,0.9459755694222426,1.0,1.0,1.0,1.0,1.0,1.0,1.0,1.0,1.0,1.0,1.0,1.0,1.0,1.0,1.0,1.0,1.0,1.0,1.0,1.0,1.0,1.0,1.0,1.0,1.0,1.0,1.0,1.0,1.0,1.0,1.0,1.0,1.0,1.0,1.0,1.0,1.0,1.0,1.0,1.0,1.0,1.0,1.0,1.0,1.0,0.9195923078531775,1.0,1.0,1.0,1.0,1.0,1.0,1.0,0.9417856878571165,0.917493665697891,1.0,1.0,1.0,1.0,1.0,1.0,1.0,1.0,1.0,1.0,1.0,1.0,1.0,1.0,1.0,1.0,1.0,1.0,1.0
1.0,1.0,1.0,1.0,1.0,0.8849234993270403,1.0,1.0,1.0,1.0,1.0,1.0,1.0,0.8400134048945397,1.0,1.0,1.0,1.0,0.0,0.8541184176351246,0.8307375967598836,0.9624472895525528,1.0,1.0,1.0,0.9106782665532666,0.8812844323125456,0.9227451927075987,1.0,1.0,1.0,0.877535979600608,1.0,1.0,1.0,1.0,1.0,1.0,1.0,1.0,1.0,1.0,1.0,1.0,1.0,0.8871515747617325,1.0,0.8452687595346113,0.9505010490536806,0.8552878108003109,1.0,1.0,1.0,0.9449706417129935,0.8256493239254397,1.0,0.8494206254555694,1.0,1.0,1.0,1.0,1.0,1.0,1.0,1.0,1.0,1.0,1.0,1.0,1.0,1.0,0.9049227112434349,1.0,0.9193570230025339,0.8762198893412516,1.0,0.7909324691135847,0.9531327361722098,1.0,1.0,1.0,0.8867587023029962,0.9003143034714695,1.0,1.0,0.8796542955399863,0.8133023668425156,1.0,0.9234753207455821,0.8622763596967992,1.0,1.0,1.0,0.8455538472835391,1.0,0.9269816333483908,1.0,0.8669213091437407,1.0,1.0,0.8219478946996845,0.9076384026285987,0.8472634825198773,1.0,0.8876339933129702,0.8784578962489179,0.7543803993451552,0.9372595909816305,0.902289814971849,1.0,1.0,1.0,1.0,1.0,1.0,1.0,0.8357668381794643,1.0,1.0,1.0,0.8435721656479518,1.0,0.9264365092407856,1.0,1.0,1.0,1.0,1.0,1.0,1.0,1.0,1.0,1.0,1.0,1.0,1.0,1.0,1.0,1.0,1.0,0.943798077444694,1.0,1.0,1.0,1.0,1.0,1.0,1.0,1.0,1.0,1.0,1.0,1.0,1.0,1.0,1.0,1.0,1.0,1.0,1.0,1.0,1.0,1.0,1.0,1.0,1.0,1.0,1.0,0.8938381409573009,1.0,1.0,1.0,1.0,1.0,0.9559452892018682,1.0,1.0,1.0,1.0,0.921698070896478,0.8857700116564855,1.0,1.0,0.8695396798848454,1.0,1.0,0.8460564512744382,1.0,1.0,1.0,1.0,1.0,1.0,1.0,1.0,1.0,1.0,1.0,1.0,1.0,1.0,1.0
1.0,1.0,1.0,1.0,1.0,0.8956183913917453,1.0,1.0,1.0,1.0,1.0,1.0,1.0,0.8253914409483037,1.0,1.0,1.0,1.0,0.8541184176351246,0.0,0.8743855988177884,0.9643324130264429,1.0,1.0,1.0,0.9363581894870715,0.8869669886214003,0.9124305141949574,1.0,1.0,1.0,0.8859964912476328,1.0,1.0,1.0,1.0,1.0,1.0,1.0,1.0,1.0,1.0,1.0,1.0,1.0,0.8952371882232993,1.0,0.8738115176447219,0.9358083665919487,0.8723706667010238,1.0,1.0,1.0,0.937804534676471,0.8622413383986711,1.0,0.8768408963935743,1.0,1.0,1.0,1.0,1.0,1.0,1.0,1.0,1.0,1.0,1.0,1.0,1.0,1.0,0.929678873884603,1.0,0.9264362680969824,0.8572242882810516,1.0,0.8421210124455679,0.9466086248694945,1.0,1.0,1.0,0.8883086108127461,0.9190083774250442,1.0,1.0,0.8657473845598845,0.8328475149093602,1.0,0.9395163085050238,0.8839410243135224,1.0,1.0,1.0,0.8847171503004445,1.0,0.924221494617914,1.0,0.8814547157113636,1.0,1.0,0.8283001799703136,0.9502500347622551,0.8697838675753962,1.0,0.94077441859132,0.8899173960959675,0.8104510636951548,0.9469235585005202,0.9199002386502386,1.0,1.0,1.0,1.0,1.0,1.0,1.0,0.8715850528219917,1.0,1.0,1.0,0.8407497016872016,1.0,0.9017442606413195,1.0,1.0,1.0,1.0,1.0,1.0,1.0,1.0,1.0,1.0,1.0,1.0,1.0,1.0,1.0,1.0,1.0,0.933551672428484,1.0,1.0,1.0,1.0,1.0,1.0,1.0,1.0,1.0,1.0,1.0,1.0,1.0,1.0,1.0,1.0,1.0,1.0,1.0,1.0,1.0,1.0,1.0,1.0,1.0,1.0,1.0,0.9004699146018591,1.0,1.0,1.0,1.0,1.0,0.9509999804117452,1.0,1.0,1.0,1.0,0.9187147527727237,0.8675847012622375,1.0,1.0,0.8931175375494473,1.0,1.0,0.8792023075223168,1.0,1.0,1.0,1.0,1.0,1.0,1.0,1.0,1.0,1.0,1.0,1.0,1.0,1.0,1.0
1.0,1.0,1.0,1.0,1.0,0.8813095899929817,1.0,1.0,1.0,1.0,1.0,1.0,1.0,0.846340671277718,1.0,1.0,1.0,1.0,0.8307375967598836,0.8743855988177884,0.0,0.9694723064840253,1.0,1.0,1.0,0.9186685625104742,0.8851394464748502,0.9278299741469385,1.0,1.0,1.0,0.8784803930637264,1.0,1.0,1.0,1.0,1.0,1.0,1.0,1.0,1.0,1.0,1.0,1.0,1.0,0.9042000570495168,1.0,0.8670394824903339,0.9278383816486471,0.8587451579964924,1.0,1.0,1.0,0.9507297775920225,0.8655856632592744,1.0,0.8639317704239515,1.0,1.0,1.0,1.0,1.0,1.0,1.0,1.0,1.0,1.0,1.0,1.0,1.0,1.0,0.8804918547455861,1.0,0.87924792621908,0.8962390717747861,1.0,0.8565708999417996,0.9517393453107739,1.0,1.0,1.0,0.9149542847199097,0.9260895250750323,1.0,1.0,0.888910260318711,0.8552520304779001,1.0,0.9438116048938974,0.9005502468545947,1.0,1.0,1.0,0.879595122139765,1.0,0.9497274142209934,1.0,0.9106792924771384,1.0,1.0,0.8589046206233706,0.9308405682648763,0.8802092763898574,1.0,0.9244123770754206,0.9076183629376626,0.809139084316578,0.9237916547737977,0.9427746165246165,1.0,1.0,1.0,1.0,1.0,1.0,1.0,0.8850965137514795,1.0,1.0,1.0,0.8840764213915137,1.0,0.9219435371632073,1.0,1.0,1.0,1.0,1.0,1.0,1.0,1.0,1.0,1.0,1.0,1.0,1.0,1.0,1.0,1.0,1.0,0.9661695944341819,1.0,1.0,1.0,1.0,1.0,1.0,1.0,1.0,1.0,1.0,1.0,1.0,1.0,1.0,1.0,1.0,1.0,1.0,1.0,1.0,1.0,1.0,1.0,1.0,1.0,1.0,1.0,0.9130862858602584,1.0,1.0,1.0,1.0,1.0,0.9416318635068636,1.0,1.0,1.0,1.0,0.9188588269451079,0.8790484412887583,1.0,1.0,0.8317977523092612,1.0,1.0,0.9110920122123861,1.0,1.0,1.0,1.0,1.0,1.0,1.0,1.0,1.0,1.0,1.0,1.0,1.0,1.0,1.0
1.0,1.0,1.0,1.0,1.0,0.9662879226456813,1.0,1.0,1.0,1.0,1.0,1.0,1.0,0.9528640981692625,1.0,1.0,1.0,1.0,0.9624472895525528,0.9643324130264429,0.9694723064840253,0.0,1.0,1.0,1.0,0.9526211734693878,0.9649961263690772,0.9701984972492785,1.0,1.0,1.0,0.936146469650568,1.0,1.0,1.0,1.0,1.0,1.0,1.0,1.0,1.0,1.0,1.0,1.0,1.0,0.9845504430465368,1.0,0.9530563540112151,0.9742099436392915,0.9167965367965368,1.0,1.0,1.0,0.9849778439153439,0.9303000868672511,1.0,0.9695142434725768,1.0,1.0,1.0,1.0,1.0,1.0,1.0,1.0,1.0,1.0,1.0,1.0,1.0,1.0,0.9458039388594944,1.0,0.9207360722066604,0.9656121444468903,1.0,0.9595825193325194,0.979448051948052,1.0,1.0,1.0,0.9727014764239029,0.9418408289241622,1.0,1.0,0.9785370713942143,0.9598471950180025,1.0,0.9719422938172938,0.9655492503853159,1.0,1.0,1.0,0.9639127012390901,1.0,0.9493702744904668,1.0,0.956014598276503,1.0,1.0,0.9660530840044729,0.9687168379194241,0.948372390413406,1.0,0.9560428906411049,0.9516653485403486,0.9499405631758573,0.9700068293288633,0.9749699844426407,1.0,1.0,1.0,1.0,1.0,1.0,1.0,0.9578393216260863,1.0,1.0,1.0,0.9751762023217247,1.0,0.9716332861240269,1.0,1.0,1.0,1.0,1.0,1.0,1.0,1.0,1.0,1.0,1.0,1.0,1.0,1.0,1.0,1.0,1.0,0.9788995726495726,1.0,1.0,1.0,1.0,1.0,1.0,1.0,1.0,1.0,1.0,1.0,1.0,1.0,1.0,1.0,1.0,1.0,1.0,1.0,1.0,1.0,1.0,1.0,1.0,1.0,1.0,1.0,0.9629272637085137,1.0,1.0,1.0,1.0,1.0,0.9097654320987654,1.0,1.0,1.0,1.0,0.9603099730458221,0.9692242457363425,1.0,1.0,0.9583112874779541,1.0,1.0,0.9526269339979018,1.0,1.0,1.0,1.0,1.0,1.0,1.0,1.0,1.0,1.0,1.0,1.0,1.0,1.0,1.0
1.0,1.0,1.0,1.0,1.0,1.0,1.0,1.0,0.8978362923532006,1.0,0.9620034464919376,1.0,0.9100766725223247,1.0,0.9200293068417591,1.0,0.9480571562093301,0.9495329859926134,1.0,1.0,1.0,1.0,0.0,1.0,1.0,1.0,1.0,1.0,1.0,1.0,1.0,1.0,1.0,1.0,1.0,1.0,1.0,1.0,1.0,1.0,1.0,1.0,1.0,1.0,0.9354127924744808,1.0,0.915491217049188,1.0,1.0,1.0,1.0,0.9543486612322228,1.0,1.0,1.0,1.0,1.0,1.0,1.0,1.0,1.0,1.0,1.0,1.0,1.0,1.0,1.0,1.0,1.0,1.0,0.8942202278725244,1.0,1.0,1.0,1.0,1.0,1.0,1.0,1.0,1.0,1.0,1.0,1.0,1.0,1.0,1.0,1.0,1.0,1.0,1.0,1.0,1.0,1.0,1.0,1.0,1.0,0.9555822080075811,1.0,1.0,1.0,1.0,1.0,1.0,1.0,1.0,1.0,1.0,1.0,1.0,1.0,0.9503234880100552,1.0,0.9049101088670282,1.0,1.0,1.0,1.0,0.9612269470725353,1.0,1.0,1.0,1.0,1.0,0.9656720973885153,1.0,1.0,1.0,0.9371696036079598,1.0,1.0,1.0,1.0,1.0,1.0,1.0,1.0,1.0,1.0,1.0,1.0,1.0,1.0,1.0,1.0,1.0,1.0,1.0,1.0,1.0,1.0,1.0,1.0,1.0,1.0,1.0,1.0,1.0,1.0,1.0,1.0,1.0,1.0,1.0,1.0,1.0,1.0,1.0,1.0,1.0,1.0,1.0,1.0,1.0,0.9073847783222784,1.0,1.0,1.0,1.0,1.0,1.0,1.0,0.9408793204150347,0.9175193767585071,1.0,1.0,1.0,1.0,1.0,1.0,1.0,1.0,1.0,1.0,1.0,1.0,1.0,1.0,1.0,1.0,1.0,1.0,1.0
1.0,1.0,1.0,1.0,1.0,1.0,1.0,1.0,1.0,1.0,1.0,1.0,1.0,1.0,1.0,1.0,1.0,1.0,1.0,1.0,1.0,1.0,1.0,0.0,0.9335254794761837,1.0,1.0,1.0,1.0,1.0,1.0,1.0,1.0,1.0,1.0,1.0,1.0,1.0,1.0,1.0,1.0,1.0,1.0,1.0,1.0,1.0,1.0,1.0,1.0,1.0,1.0,1.0,1.0,1.0,1.0,0.9568209568209568,1.0,0.9388439745715865,1.0,1.0,1.0,1.0,1.0,1.0,1.0,1.0,1.0,1.0,1.0,1.0,1.0,1.0,1.0,1.0,1.0,1.0,1.0,1.0,1.0,1.0,1.0,1.0,1.0,1.0,0.9764815265400746,1.0,1.0,0.9731497175141243,1.0,1.0,1.0,1.0,1.0,1.0,1.0,1.0,1.0,1.0,1.0,1.0,1.0,1.0,1.0,1.0,1.0,1.0,1.0,1.0,1.0,1.0,1.0,1.0,1.0,1.0,1.0,1.0,1.0,1.0,1.0,1.0,1.0,0.9050269811207311,1.0,1.0,1.0,1.0,1.0,1.0,1.0,1.0,1.0,1.0,1.0,1.0,1.0,1.0,1.0,1.0,1.0,1.0,1.0,1.0,1.0,1.0,1.0,1.0,1.0,1.0,1.0,1.0,1.0,1.0,1.0,1.0,1.0,1.0,1.0,1.0,0.9638591293599855,1.0,1.0,1.0,1.0,1.0,1.0,1.0,1.0,1.0,1.0,1.0,1.0,1.0,1.0,1.0,1.0,0.9364278383695556,1.0,1.0,1.0,1.0,1.0,1.0,1.0,1.0,1.0,1.0,1.0,1.0,1.0,1.0,0.9724321423726185,1.0,1.0,1.0,1.0,1.0,1.0,1.0,1.0,1.0,1.0,0.9532149499039315
1.0,1.0,1.0,1.0,1.0,1.0,1.0,1.0,1.0,1.0,1.0,1.0,1.0,1.0,1.0,1.0,1.0,1.0,1.0,1.0,1.0,1.0,1.0,0.9335254794761837,0.0,1.0,1.0,1.0,1.0,1.0,1.0,1.0,1.0,1.0,1.0,1.0,1.0,1.0,1.0,1.0,1.0,1.0,1.0,1.0,1.0,1.0,1.0,1.0,1.0,1.0,1.0,1.0,1.0,1.0,1.0,0.9294680360212442,1.0,0.9185785654095513,1.0,1.0,1.0,1.0,1.0,1.0,1.0,1.0,1.0,1.0,1.0,1.0,1.0,1.0,1.0,1.0,1.0,1.0,1.0,1.0,1.0,1.0,1.0,1.0,1.0,1.0,0.9582091982091983,1.0,1.0,0.9597956606885178,1.0,1.0,1.0,1.0,1.0,1.0,1.0,1.0,1.0,1.0,1.0,1.0,1.0,1.0,1.0,1.0,1.0,1.0,1.0,1.0,1.0,1.0,1.0,1.0,1.0,1.0,1.0,1.0,1.0,1.0,1.0,1.0,1.0,0.9228156317148855,1.0,1.0,1.0,1.0,1.0,1.0,1.0,1.0,1.0,1.0,1.0,1.0,1.0,1.0,1.0,1.0,1.0,1.0,1.0,1.0,1.0,1.0,1.0,1.0,1.0,1.0,1.0,1.0,1.0,1.0,1.0,1.0,1.0,1.0,1.0,1.0,0.8759384394144668,1.0,1.0,1.0,1.0,1.0,1.0,1.0,1.0,1.0,1.0,1.0,1.0,1.0,1.0,1.0,1.0,0.8860365661030409,1.0,1.0,1.0,1.0,1.0,1.0,1.0,1.0,1.0,1.0,1.0,1.0,1.0,1.0,0.945569165682802,1.0,1.0,1.0,1.0,1.0,1.0,1.0,1.0,1.0,1.0,0.9419792931201662
1.0,1.0,1.0,1.0,1.0,0.9308076218653142,1.0,1.0,1.0,1.0,1.0,1.0,1.0,0.9525978061134311,1.0,1.0,1.0,1.0,0.9106782665532666,0.9363581894870715,0.9186685625104742,0.9526211734693878,1.0,1.0,1.0,0.0,0.938458448117539,0.964508177008177,1.0,1.0,1.0,0.9395179406000301,1.0,1.0,1.0,1.0,1.0,1.0,1.0,1.0,1.0,1.0,1.0,1.0,1.0,0.9428536908609373,1.0,0.9325311075311076,0.931965877914952,0.9110707113399421,1.0,1.0,1.0,0.9223764709283835,0.9274805485519771,1.0,0.9043995801977404,1.0,1.0,1.0,1.0,1.0,1.0,1.0,1.0,1.0,1.0,1.0,1.0,1.0,1.0,0.9460922216970604,1.0,0.9326214007895043,0.9137456772618063,1.0,0.9160812667039171,0.950452120739006,1.0,1.0,1.0,0.9196608490715633,0.9445120447545821,1.0,1.0,0.9320792355792356,0.895218835862699,1.0,0.9530107744659984,0.9172177569904842,1.0,1.0,1.0,0.9162121579587333,1.0,0.9360756191844554,1.0,0.9473182046711458,1.0,1.0,0.8978980156931546,0.9308212546115772,0.926903705161281,1.0,0.9428749339609995,0.923070245200927,0.9061452030258302,0.9517431157552125,0.9422935029380342,1.0,1.0,1.0,1.0,1.0,1.0,1.0,0.9219239631651603,1.0,1.0,1.0,0.9258848690991548,1.0,0.9568514009139009,1.0,1.0,1.0,1.0,1.0,1.0,1.0,1.0,1.0,1.0,1.0,1.0,1.0,1.0,1.0,1.0,1.0,0.976043771043771,1.0,1.0,1.0,1.0,1.0,1.0,1.0,1.0,1.0,1.0,1.0,1.0,1.0,1.0,1.0,1.0,1.0,1.0,1.0,1.0,1.0,1.0,1.0,1.0,1.0,1.0,1.0,0.9446452576583173,1.0,1.0,1.0,1.0,1.0,0.9147843069139365,1.0,1.0,1.0,1.0,0.9452537671799967,0.9446683109918405,1.0,1.0,0.9415744909758994,1.0,1.0,0.9485649371471883,1.0,1.0,1.0,1.0,1.0,1.0,1.0,1.0,1.0,1.0,1.0,1.0,1.0,1.0,1.0
1.0,1.0,1.0,1.0,1.0,0.9073411404101703,1.0,1.0,1.0,1.0,1.0,1.0,1.0,0.880948308284399,1.0,1.0,1.0,1.0,0.8812844323125456,0.8869669886214003,0.8851394464748502,0.9649961263690772,1.0,1.0,1.0,0.938458448117539,0.0,0.9058792616697029,1.0,1.0,1.0,0.9279976478920141,1.0,1.0,1.0,1.0,1.0,1.0,1.0,1.0,1.0,1.0,1.0,1.0,1.0,0.8758035714285713,1.0,0.8952479705733131,0.939847694970244,0.8750015996004609,1.0,1.0,1.0,0.950015813434931,0.9230715666548309,1.0,0.8982364096106332,1.0,1.0,1.0,1.0,1.0,1.0,1.0,1.0,1.0,1.0,1.0,1.0,1.0,1.0,0.9136363636363636,1.0,0.9559797190656566,0.9069646771139308,1.0,0.88191918967017,0.9222042324224864,1.0,1.0,1.0,0.9072852032227032,0.9480648130464306,1.0,1.0,0.9024427737295384,0.8866724707679583,1.0,0.9323190046781596,0.9084660149054089,1.0,1.0,1.0,0.8782499390229653,1.0,0.952019536019536,1.0,0.9266144450021261,1.0,1.0,0.9101396879192931,0.9228370009620009,0.8901657578197433,1.0,0.9228866531896835,0.9126500981573445,0.8773436051757189,0.94066264526644,0.9079948646125117,1.0,1.0,1.0,1.0,1.0,1.0,1.0,0.9042455261205261,1.0,1.0,1.0,0.8942115298629383,1.0,0.924002398064898,1.0,1.0,1.0,1.0,1.0,1.0,1.0,1.0,1.0,1.0,1.0,1.0,1.0,1.0,1.0,1.0,1.0,0.9454117063492063,1.0,1.0,1.0,1.0,1.0,1.0,1.0,1.0,1.0,1.0,1.0,1.0,1.0,1.0,1.0,1.0,1.0,1.0,1.0,1.0,1.0,1.0,1.0,1.0,1.0,1.0,1.0,0.9030076907794299,1.0,1.0,1.0,1.0,1.0,0.9401040265447045,1.0,1.0,1.0,1.0,0.9513170251265489,0.883497712900698,1.0,1.0,0.8801256178067772,1.0,1.0,0.9374623745963032,1.0,1.0,1.0,1.0,1.0,1.0,1.0,1.0,1.0,1.0,1.0,1.0,1.0,1.0,1.0
1.0,1.0,1.0,1.0,1.0,0.9540425128524443,1.0,1.0,1.0,1.0,1.0,1.0,1.0,0.9154411428078094,1.0,1.0,1.0,1.0,0.9227451927075987,0.9124305141949574,0.9278299741469385,0.9701984972492785,1.0,1.0,1.0,0.964508177008177,0.9058792616697029,0.0,1.0,1.0,1.0,0.9411130745842755,1.0,1.0,1.0,1.0,1.0,1.0,1.0,1.0,1.0,1.0,1.0,1.0,1.0,0.9209832268426018,1.0,0.9375628879497927,0.9623019182747397,0.9257673273518344,1.0,1.0,1.0,0.9653086848739023,0.9249288861220355,1.0,0.9126393461780786,1.0,1.0,1.0,1.0,1.0,1.0,1.0,1.0,1.0,1.0,1.0,1.0,1.0,1.0,0.9590684061634766,1.0,0.970921035846409,0.9394884255178373,1.0,0.9029493918498369,0.9575515666335979,1.0,1.0,1.0,0.9217219182933468,0.9696033227373807,1.0,1.0,0.9125811862587225,0.9317425133775753,1.0,0.9376802661624091,0.9309170382087049,1.0,1.0,1.0,0.9034369061389738,1.0,0.9163046241445364,1.0,0.9467520889072614,1.0,1.0,0.9306139357275721,0.9249436386211749,0.9420947204801371,1.0,0.9268807167128063,0.9261375960640666,0.9149548353723774,0.940534188034188,0.876437728937729,1.0,1.0,1.0,1.0,1.0,1.0,1.0,0.887974282593901,1.0,1.0,1.0,0.9367731710197463,1.0,0.9352625401132864,1.0,1.0,1.0,1.0,1.0,1.0,1.0,1.0,1.0,1.0,1.0,1.0,1.0,1.0,1.0,1.0,1.0,0.9525633317299984,1.0,1.0,1.0,1.0,1.0,1.0,1.0,1.0,1.0,1.0,1.0,1.0,1.0,1.0,1.0,1.0,1.0,1.0,1.0,1.0,1.0,1.0,1.0,1.0,1.0,1.0,1.0,0.9356552772624201,1.0,1.0,1.0,1.0,1.0,0.9464605734767025,1.0,1.0,1.0,1.0,0.9456008060485672,0.9368091564520136,1.0,1.0,0.9402111227892478,1.0,1.0,0.952236354635751,1.0,1.0,1.0,1.0,1.0,1.0,1.0,1.0,1.0,1.0,1.0,1.0,1.0,1.0,1.0
1.0,1.0,1.0,1.0,1.0,1.0,0.9217345670325546,1.0,1.0,1.0,1.0,1.0,1.0,1.0,1.0,1.0,1.0,1.0,1.0,1.0,1.0,1.0,1.0,1.0,1.0,1.0,1.0,1.0,0.0,0.9395234261176291,0.8918074655241517,1.0,1.0,1.0,1.0,1.0,1.0,1.0,1.0,1.0,1.0,1.0,1.0,1.0,1.0,1.0,1.0,1.0,1.0,1.0,1.0,1.0,1.0,1.0,1.0,1.0,1.0,1.0,1.0,1.0,0.909007483069983,0.9104145496620826,1.0,1.0,0.9026452207291934,1.0,1.0,1.0,1.0,1.0,1.0,1.0,1.0,1.0,1.0,1.0,1.0,1.0,0.9766240964304345,1.0,1.0,1.0,1.0,1.0,1.0,1.0,1.0,1.0,1.0,1.0,1.0,1.0,1.0,1.0,1.0,1.0,1.0,1.0,0.9441382951946332,1.0,1.0,1.0,1.0,1.0,1.0,1.0,1.0,1.0,1.0,1.0,1.0,0.944846201894813,1.0,0.9869735928559458,1.0,1.0,1.0,1.0,1.0,1.0,1.0,1.0,1.0,1.0,1.0,1.0,1.0,1.0,1.0,0.8749476934893602,0.8891180625473595,1.0,1.0,1.0,0.9430671336921337,1.0,1.0,0.9315089138613444,0.9204111592111592,0.8825774115286588,1.0,0.8415301754535882,0.8877115439074313,0.9225214256464257,1.0,0.903311795066932,1.0,0.8975837534279093,0.9131568263617283,1.0,1.0,1.0,0.9470104102246959,1.0,1.0,1.0,0.9249151813503179,1.0,1.0,1.0,0.9280618443118444,0.8825132670145426,1.0,1.0,1.0,1.0,1.0,0.904151436947569,1.0,1.0,1.0,1.0,1.0,1.0,1.0,1.0,1.0,1.0,0.8346986527966104,1.0,1.0,1.0,1.0,1.0,1.0,1.0,1.0,1.0,1.0,1.0,1.0,1.0,0.9532886904761905,0.9884748102139407,0.9312590671742458,1.0,1.0,1.0,0.9574603343969541,1.0,0.914271978021978,1.0
1.0,1.0,1.0,1.0,1.0,1.0,0.9664256198347108,1.0,1.0,1.0,1.0,1.0,1.0,1.0,1.0,1.0,1.0,1.0,1.0,1.0,1.0,1.0,1.0,1.0,1.0,1.0,1.0,1.0,0.9395234261176291,0.0,0.9790055841766103,1.0,1.0,1.0,1.0,1.0,1.0,1.0,1.0,1.0,1.0,1.0,1.0,1.0,1.0,1.0,1.0,1.0,1.0,1.0,1.0,1.0,1.0,1.0,1.0,1.0,1.0,1.0,1.0,1.0,0.9609674329501916,0.9748107448107448,1.0,1.0,0.9736428571428571,1.0,1.0,1.0,1.0,1.0,1.0,1.0,1.0,1.0,1.0,1.0,1.0,1.0,0.9930851063829788,1.0,1.0,1.0,1.0,1.0,1.0,1.0,1.0,1.0,1.0,1.0,1.0,1.0,1.0,1.0,1.0,1.0,1.0,1.0,0.9602201257861636,1.0,1.0,1.0,1.0,1.0,1.0,1.0,1.0,1.0,1.0,1.0,1.0,0.9729035639412998,1.0,0.9664092664092664,1.0,1.0,1.0,1.0,1.0,1.0,1.0,1.0,1.0,1.0,1.0,1.0,1.0,1.0,1.0,0.9628623188405797,0.9594159380924087,1.0,1.0,1.0,0.9673989898989899,1.0,1.0,0.966331417624521,0.9740991367307157,0.9706208892870873,1.0,0.9180593245891754,0.9789765481729767,0.95046875,1.0,0.9732622887864824,1.0,0.9698773448773449,0.9687734237213403,1.0,1.0,1.0,0.9896554834054834,1.0,1.0,1.0,0.9526712436868687,1.0,1.0,1.0,0.9533625730994152,0.9484857156732157,1.0,1.0,1.0,1.0,1.0,0.9605382744495647,1.0,1.0,1.0,1.0,1.0,1.0,1.0,1.0,1.0,1.0,0.9535232032627866,1.0,1.0,1.0,1.0,1.0,1.0,1.0,1.0,1.0,1.0,1.0,1.0,1.0,0.9802083333333333,0.9731481481481481,0.9825520833333333,1.0,1.0,1.0,0.9876543209876543,1.0,0.9382440476190477,1.0
1.0,1.0,1.0,1.0,1.0,1.0,0.9202985141424991,1.0,1.0,1.0,1.0,1.0,1.0,1.0,1.0,1.0,1.0,1.0,1.0,1.0,1.0,1.0,1.0,1.0,1.0,1.0,1.0,1.0,0.8918074655241517,0.9790055841766103,0.0,1.0,1.0,1.0,1.0,1.0,1.0,1.0,1.0,1.0,1.0,1.0,1.0,1.0,1.0,1.0,1.0,1.0,1.0,1.0,1.0,1.0,1.0,1.0,1.0,1.0,1.0,1.0,1.0,1.0,0.9232305235986743,0.9165634922895262,1.0,1.0,0.910330241187384,1.0,1.0,1.0,1.0,1.0,1.0,1.0,1.0,1.0,1.0,1.0,1.0,1.0,0.9747442342238261,1.0,1.0,1.0,1.0,1.0,1.0,1.0,1.0,1.0,1.0,1.0,1.0,1.0,1.0,1.0,1.0,1.0,1.0,1.0,0.9470553463291559,1.0,1.0,1.0,1.0,1.0,1.0,1.0,1.0,1.0,1.0,1.0,1.0,0.9488042243250576,1.0,0.9896916672651966,1.0,1.0,1.0,1.0,1.0,1.0,1.0,1.0,1.0,1.0,1.0,1.0,1.0,1.0,1.0,0.8947525586706259,0.8698485385985386,1.0,1.0,1.0,0.8984006256823717,1.0,1.0,0.9435407140312458,0.9374601324601325,0.896011015073515,1.0,0.8804972230247966,0.8907081242497908,0.8900565552082186,1.0,0.8895682747985039,1.0,0.8854284764618098,0.9124493856036004,1.0,1.0,1.0,0.9505848467687998,1.0,1.0,1.0,0.946452158952159,1.0,1.0,1.0,0.9435143050952575,0.9142635809418576,1.0,1.0,1.0,1.0,1.0,0.8922305121182672,1.0,1.0,1.0,1.0,1.0,1.0,1.0,1.0,1.0,1.0,0.8663226876011365,1.0,1.0,1.0,1.0,1.0,1.0,1.0,1.0,1.0,1.0,1.0,1.0,1.0,0.9366336910350995,0.9742519735166794,0.9256945363195364,1.0,1.0,1.0,0.9398135373085071,1.0,0.9361228102352052,1.0
1.0,1.0,1.0,1.0,1.0,0.9074133676657072,1.0,1.0,1.0,1.0,1.0,1.0,1.0,0.8723320284676334,1.0,1.0,1.0,1.0,0.877535979600608,0.8859964912476328,0.8784803930637264,0.936146469650568,1.0,1.0,1.0,0.9395179406000301,0.9279976478920141,0.9411130745842755,1.0,1.0,1.0,0.0,1.0,1.0,1.0,1.0,1.0,1.0,1.0,1.0,1.0,1.0,1.0,1.0,1.0,0.9151019637769637,1.0,0.889113135938136,0.9654747540041657,0.8964317551290774,1.0,1.0,1.0,0.9475289948147091,0.8669875759654135,1.0,0.9088683223133306,1.0,1.0,1.0,1.0,1.0,1.0,1.0,1.0,1.0,1.0,1.0,1.0,1.0,1.0,0.9329345224634404,1.0,0.946074435514734,0.9472175840361425,1.0,0.8761849267436563,0.9705196525968585,1.0,1.0,1.0,0.9182248238498238,0.9036331385788146,1.0,1.0,0.9420473748598749,0.864577359490367,1.0,0.972131580161094,0.9343390211553357,1.0,1.0,1.0,0.9050724926210016,1.0,0.9486259463640416,1.0,0.8751923094926988,1.0,1.0,0.8965729661285217,0.9331235288404406,0.9100486054561685,1.0,0.9187610182800134,0.9299700026863893,0.8472119564577272,0.9569746057306444,0.9718295874545875,1.0,1.0,1.0,1.0,1.0,1.0,1.0,0.9096638240416779,1.0,1.0,1.0,0.9192904850686714,1.0,0.9104313488327911,1.0,1.0,1.0,1.0,1.0,1.0,1.0,1.0,1.0,1.0,1.0,1.0,1.0,1.0,1.0,1.0,1.0,0.9582858522196758,1.0,1.0,1.0,1.0,1.0,1.0,1.0,1.0,1.0,1.0,1.0,1.0,1.0,1.0,1.0,1.0,1.0,1.0,1.0,1.0,1.0,1.0,1.0,1.0,1.0,1.0,1.0,0.9142163471609757,1.0,1.0,1.0,1.0,1.0,0.9686609246133056,1.0,1.0,1.0,1.0,0.912655011935315,0.9411898154700558,1.0,1.0,0.9070923041482342,1.0,1.0,0.8960173349460466,1.0,1.0,1.0,1.0,1.0,1.0,1.0,1.0,1.0,1.0,1.0,1.0,1.0,1.0,1.0
